F1	240	245	250	255	260	265	270	275	280	285	290	295	300	305	310	315	320	325	330	335	340	345	350	355	360	365	370	375	380	385	390	395	400	405	410	415	420	425	430	435	440	445	450
320	5665.56186	5268.65887	5344.06773	5896.45719	6855.37441	7783.05875	8681.73953	9026.27044	8891.22925	20028.60504	39519.78287	13411.14576	2370.72241	1958.68846	2008.15579	39152.9518	249825.77201	174260.85258	8816.83964	246.90901	163.97429	122.00556	113.5877	101.02522	96.02943	82.76446	72.58884	68.11648	50.52578	54.98458	53.80063	48.61516	40.52393	40.74984	37.10411	37.30032	36.70751	33.87716	31.22609	35.29867	38.2836	39.29276	37.80302
322	7042.07421	5352.90259	5530.7373	6392.93268	7153.0018	8186.01765	9130.23059	9452.4256	9086.38001	13541.24415	37694.86352	22772.46897	3351.84142	2044.79535	1942.23289	9176.29998	167896.36738	269137.90926	43503.42856	398.74547	196.29141	138.40941	107.75237	108.98026	102.94853	82.30218	75.05569	62.10518	61.1603	53.67071	53.99633	49.97014	39.72543	38.93199	37.07899	38.3764	33.13828	34.37216	38.36556	36.41754	40.83401	39.6237	41.72036
324	7226.67743	6241.52096	5967.6811	6648.71231	7369.09028	8357.97557	9577.67354	9831.87654	9487.52218	10184.43603	30104.86298	31894.38607	5873.35054	2111.40685	2014.73335	2384.13945	78165.05132	289671.62232	121615.51867	2310.63153	239.91716	152.55917	123.60503	105.27909	105.43682	94.45553	78.45117	63.01538	62.04232	58.87411	53.55953	43.15146	44.01023	42.70323	36.33723	38.88553	38.5877	37.342	32.5123	36.42819	36.7351	37.24906	42.19582
326	9371.54019	5908.01661	5922.72096	6522.75799	7483.61138	8408.71293	9475.09306	10172.22419	9659.37886	8948.45401	20870.50405	37215.43846	11167.17346	2329.178	2041.95533	2050.38322	24637.69214	232317.6808	221451.52338	18782.6689	291.36371	177.29422	128.32937	110.27911	109.86091	98.93763	84.29634	75.61218	59.77651	60.33363	55.03327	48.16534	43.34035	44.00274	41.91948	37.40759	40.97005	35.92755	37.40058	36.98433	40.70314	42.21618	42.69576
328	9403.00117	6384.71608	6605.50654	6843.96835	7714.01129	8825.20326	9750.86078	10306.72818	9947.31583	8879.14528	13526.32707	36604.83648	19406.40222	2986.60004	2093.93232	2034.74746	5320.49251	137961.39243	289194.45007	69031.04199	524.19073	210.12095	149.87215	119.1981	119.68484	98.6891	94.22991	68.85204	67.26839	55.6525	54.29293	46.92545	39.97794	46.37695	39.88923	34.36229	36.21139	34.36044	38.3514	37.77046	42.70664	37.34438	38.84986
330	10178.46492	7263.53096	6431.36898	7523.64239	7965.25139	8799.07733	10141.49184	10466.36184	10294.92671	9069.89365	9631.09869	30360.85375	28455.20687	5022.45197	2126.18503	2082.07506	2404.99788	54676.60597	278795.16199	164414.81045	6242.2992	263.19208	172.681	131.79683	117.07974	96.39105	101.59937	73.9525	60.58009	60.84703	48.12093	51.37886	48.4166	42.5251	42.26976	37.41548	37.51931	38.15301	38.46618	41.17215	35.43182	40.39822	39.46489
332	10927.5504	7705.73395	6903.77972	7286.29025	8346.10481	9506.31413	10697.15674	11168.65923	10829.01541	9644.98653	8230.86425	21037.28011	35193.06283	9764.86413	2298.84213	2165.79063	2266.66606	13746.75219	197157.30748	263683.27201	35470.86643	378.47816	191.24208	137.74867	116.66161	113.78972	100.73395	80.92367	62.61381	56.77853	57.18037	53.14466	49.12975	39.53845	45.68396	44.73034	39.88292	37.31218	38.81508	42.53432	39.81219	43.71244	45.54547
334	11478.53872	8218.39416	7630.37529	7913.05707	8572.10074	9761.76859	11037.11517	11895.30395	11373.62031	9915.85393	8087.2793	13319.42782	35775.49914	17539.66741	2857.50995	2201.33504	2286.41939	2899.45926	96739.06462	305301.90593	108864.50146	1564.8909	220.03195	162.03924	128.66657	118.71823	105.14616	83.37073	64.83496	63.14976	55.38407	51.13731	45.06423	47.55215	41.03012	41.09542	37.17592	39.36638	39.06469	36.63244	45.57336	47.71174	46.83405
336	12136.23189	8439.14493	7302.68413	8476.02633	9089.61772	10409.05636	11382.02541	12064.63591	11536.20106	10267.49151	8188.20303	8773.66861	30181.31815	26717.58471	4626.22578	2213.72021	2367.44972	2160.99484	30358.57616	254695.41125	216160.59556	16353.32915	295.90424	180.86886	133.50319	112.93724	111.47032	91.8624	71.78546	61.22111	56.22669	49.56663	43.21528	43.35746	38.51593	43.04122	41.06158	43.14642	37.1722	41.39161	43.7269	44.04717	44.27002
338	12645.03098	8748.93653	7491.51831	8605.18534	9040.48517	9955.73259	11538.58693	12140.55393	11733.23269	10535.30253	8261.39881	6809.97254	21219.41754	34012.93625	8707.44986	2304.07737	2279.32421	2089.907	5712.55785	149568.15501	298368.92813	67606.64545	493.43865	202.06436	157.84795	116.37186	118.358	99.26253	74.20006	59.10149	63.95383	56.83019	47.90482	46.74879	43.57195	42.05078	40.60095	40.05618	40.7177	40.13251	44.05339	39.86063	48.1009
340	13585.71474	9063.29108	7804.13069	8189.18877	8836.50905	9969.00699	11198.01738	11868.42923	11719.08579	10490.2036	8461.98008	6333.37359	13045.7638	35004.00649	16047.82339	2642.32853	2338.22288	2099.08633	2096.34823	57025.41887	292131.22459	167364.1302	5706.04716	258.37819	169.50543	121.26352	101.17377	91.49836	88.51669	67.55883	60.6385	53.19132	55.68163	44.51261	45.80074	38.13786	42.10373	39.61114	43.62497	38.45899	39.16933	43.67131	46.15427
342	14207.38319	9365.64582	7556.23103	8704.36756	8941.01023	9681.93146	10791.44818	11593.16013	11198.33663	10338.77302	8207.37855	6250.3665	7640.68667	29817.91743	25212.88292	4085.55134	2266.35054	2103.2338	1800.6588	13333.13628	206668.08884	271745.17778	37284.75904	386.8465	195.76548	147.84525	113.31125	99.81984	82.73055	70.52042	61.68937	54.74261	51.01935	53.80766	49.33913	42.91397	38.53824	36.49923	43.04056	38.7687	46.76186	46.92073	44.8297
344	13367.45587	9490.37393	8057.07613	8187.55761	8440.48632	9547.88471	10481.858	11147.43195	11031.05481	10149.89393	8470.67597	6013.22467	5372.23224	20981.42105	32753.13028	7659.61476	2303.33024	2089.37734	1715.43864	2397.36546	99576.51527	314728.35016	116691.35565	1504.58371	224.44276	148.35769	132.92167	96.02989	94.84532	83.11511	59.27611	54.74556	45.19426	49.9015	47.65792	43.34798	42.43628	38.76552	43.45041	43.89088	43.03111	45.77638	48.64719
346	14192.4252	9198.41072	7810.37128	7592.94248	8460.11008	9270.00684	10094.50825	11124.1627	10872.7558	9960.18751	8226.66567	6145.27223	4545.56554	12442.51467	34568.4272	14721.1762	2600.83999	2054.23161	1736.69399	1629.87019	29441.97053	261652.74867	230767.22698	17670.70917	321.31067	178.18221	141.75847	100.16448	90.13794	84.09519	67.42065	58.80242	57.63846	47.82576	47.69897	42.9906	38.19676	41.84235	43.70259	43.44804	39.04313	48.1534	45.62807
348	14034.19142	9479.99023	7887.76618	7915.18265	8199.50868	9133.96822	10082.66468	10921.89436	10732.85097	9865.51257	8020.29853	6010.93811	4273.06989	7043.3127	30149.4806	23969.13702	3884.10309	2002.08772	1659.83393	1502.65344	4732.72056	154271.67148	313114.82217	77046.68202	543.70289	218.65596	149.77576	108.69235	84.25722	85.54276	72.05211	60.19952	50.535	47.66695	46.63984	44.33557	40.09107	43.38948	43.74161	39.45727	41.05959	44.57442	44.50609
350	14584.80956	9841.09466	8223.40045	8055.14646	8269.873	8728.53591	9874.6155	10361.43662	10416.76409	9815.44957	8104.74877	5919.25339	4160.35356	4522.47579	21342.70411	31995.25688	7551.05872	1981.69021	1664.5105	1477.81332	1719.19466	58232.9382	299530.492	191916.50977	6823.06401	269.37973	188.3156	117.89315	106.18573	85.54412	84.32794	62.56127	59.7726	53.67727	45.16575	43.72451	42.57349	43.6249	43.02452	38.22753	43.46222	46.96627	46.00084
352	14658.68543	9576.81692	8029.88909	7869.89294	8148.26589	8679.78685	9642.44215	10228.80256	10267.2516	9701.68444	7893.59782	5908.07359	4167.3861	3641.86213	12656.36183	34763.27717	14442.22656	2321.43303	1680.24272	1507.61691	1492.76819	12783.10255	205044.47447	303668.64575	43467.18302	392.71775	203.52093	126.58016	110.51987	84.89635	90.1369	69.50532	59.72746	49.92431	51.86198	47.26662	39.72937	42.70282	45.40347	36.8444	43.35993	48.35525	45.87961
354	15168.89466	9950.17594	7934.16053	7814.67503	8075.55714	8631.76619	9487.99585	9973.74537	9883.64898	9503.03218	7944.68812	5759.90213	4087.15484	3374.28347	6932.19441	30644.69604	23348.83484	3668.91502	1635.98018	1474.22103	1306.65338	2070.44335	92567.78113	337912.64356	135192.88185	1788.0227	247.98534	155.92853	107.5256	96.16623	85.3439	75.85594	63.61005	49.67313	49.55605	47.80412	41.50108	38.65287	38.83884	42.75724	40.60634	41.55852	43.63233
356	13673.41132	10187.27112	7825.07213	7671.77923	7903.75729	8298.9411	8941.44191	9397.43225	9449.81368	8962.29512	7700.05137	5726.38655	4024.22787	3214.17001	4163.87775	22152.48792	31220.84106	7181.9553	1684.53927	1491.08756	1338.87075	1482.01386	25814.10617	269623.73419	260517.63079	20676.58025	341.45355	165.81837	120.04132	100.05675	77.98958	73.37339	64.12747	53.33198	48.58952	44.83901	41.87549	42.54392	41.90265	37.53129	39.50369	39.18062	43.55543
358	14884.33927	10118.68049	7899.14366	7452.14262	7366.61184	8088.91997	8513.32798	9046.51938	9373.03517	8862.67616	7480.30048	5571.44928	4035.16316	3169.93306	3206.0444	13429.46224	34355.64678	13778.14054	1956.27918	1418.57392	1355.27607	1306.25124	3926.06059	147445.8451	346192.20132	85931.47425	640.95522	197.81143	126.58531	102.20441	83.00654	72.21262	70.56365	54.8597	48.60128	48.93415	44.48406	42.07781	43.17032	40.01189	38.94368	38.1037	39.30564
360	15757.51221	10253.80019	8156.63582	7128.30277	7397.71529	7661.12414	8295.35429	8818.2947	8689.54113	8318.69138	7252.76286	5362.96544	3868.10188	3103.1047	2803.34471	7354.47944	30516.61058	22140.50838	3240.54908	1419.96361	1327.33897	1263.0557	1608.80115	51465.28845	326166.9812	208821.62837	8361.36649	260.02344	153.10387	107.9269	91.54418	76.7611	76.16649	65.46665	55.14178	53.27908	45.04351	46.83614	40.25586	39.65824	38.04716	39.49235	39.28517
362	14154.74997	10274.0968	7682.88986	7000.60908	7168.60858	7299.94402	7689.45528	8267.33483	8440.57228	7938.33071	6832.23811	5264.23932	3844.94091	3070.11148	2734.57471	4251.52484	22692.05566	29887.16582	6525.50346	1454.26275	1314.39521	1257.24716	1318.38122	10078.70163	220069.71502	326220.36011	51078.14418	400.82036	176.26452	118.22465	94.37832	76.49235	68.67269	70.49754	56.36796	50.36935	40.88847	46.69395	46.0839	44.74222	40.49189	46.61168	38.00717
364	14757.65853	9755.61456	7875.3673	6800.63312	6944.31168	6880.83583	7700.57446	8095.02611	8106.32443	7823.30927	6685.13587	5299.59003	3832.35281	3042.33284	2693.55605	2952.14185	13882.86763	33175.27017	12585.23961	1754.82512	1252.30975	1275.91717	1175.45438	1925.23043	95991.81164	361887.17254	155043.16521	2146.33787	208.58022	130.23288	104.62154	82.35396	67.2853	68.52711	60.14974	57.04003	46.84726	44.89749	40.83976	43.53374	39.63634	39.28496	40.65366
366	13526.04869	9647.67342	7798.91961	6691.12861	6748.02201	6523.63665	7250.70998	7718.74459	7778.12746	7361.74831	6513.05972	5050.75058	3797.06186	3026.12803	2608.86057	2600.64687	7596.06436	30045.46039	20644.14992	2904.60219	1295.55886	1197.24835	1163.88656	1461.07395	25754.02722	285372.01782	283464.24653	22295.5292	319.74077	153.39668	122.33244	85.97389	71.23812	64.71787	66.50765	51.79289	49.80623	41.46533	45.15153	38.98478	41.60308	41.36312	38.39378
368	14137.6533	9833.57468	7323.17144	6493.10031	6375.72908	6446.61884	7030.67248	7465.16188	7349.56771	7047.1074	6216.46946	4928.50481	3741.85621	3142.07454	2626.20083	2520.03355	4244.00297	22673.45927	28130.52733	5978.76945	1271.54978	1218.93316	1158.09186	1265.34377	3792.57772	158018.97942	359760.28309	87137.76922	643.00583	185.93087	129.29705	93.75379	71.33494	72.18277	70.90633	61.01272	48.39741	44.67452	45.82842	42.72643	37.50945	38.76342	39.39358
370	13572.91531	9855.18808	7520.46934	6333.17435	6293.14224	6332.18016	6693.96814	7166.18662	6972.60483	6824.67988	5889.42425	4771.20686	3695.51007	2999.23697	2635.73949	2451.93832	2903.32236	14186.02124	31632.63808	11554.62412	1552.50838	1173.90136	1170.43241	1159.22476	1633.94144	55990.787	329622.87847	204114.15202	9014.38163	253.98477	131.6649	93.251	78.47202	68.3724	70.80529	56.96612	46.86648	48.60499	43.94177	41.13956	41.93234	40.14777	40.08169
372	13704.47516	9330.96489	7155.56487	6294.51825	6071.64898	6240.73438	6661.94038	6954.86371	6841.23449	6563.5677	5764.92628	4683.13965	3654.9176	3037.20207	2686.63015	2463.68212	2538.64692	7895.54126	29606.26544	18934.49676	2526.03601	1181.85968	1163.20293	1176.81606	1296.20268	11258.07762	214110.06222	309651.96095	49542.84239	387.11777	164.46586	105.84626	81.28017	67.30578	66.25501	64.17912	53.0169	43.51242	44.98476	41.44483	38.17996	39.31478	40.99234
374	13470.3358	9867.74497	6696.31743	6244.31174	5734.41633	5962.98113	6218.88536	6596.84422	6565.36088	6380.95184	5657.25273	4547.61531	3626.02666	3013.20418	2712.20643	2468.37008	2434.11229	4410.58499	22753.4091	26277.57031	5077.54073	1193.593	1110.52283	1124.35983	1154.79153	2003.39838	94166.74417	336243.94749	141356.28412	2368.28569	197.89566	128.07947	94.12928	74.52839	69.40642	64.54997	54.87748	49.27648	41.41052	39.12333	45.9013	41.36229	38.52159
376	13511.96078	9856.17385	6847.52457	6221.8696	5775.75466	5840.0729	6061.90646	6301.84129	6295.35656	6117.41835	5445.05915	4441.92472	3640.49647	3027.50758	2707.44521	2495.8829	2353.85677	3102.15454	14942.2853	30137.76648	9893.08746	1395.57585	1122.81121	1165.99957	1094.49769	1440.4443	26300.29081	267738.43924	255981.02406	22074.81849	287.98622	138.54771	99.50953	86.85794	70.41067	65.66941	58.79435	49.1944	44.82182	44.37279	37.388	43.5274	39.78463
378	13169.77065	9615.89409	6937.71077	5785.68817	5846.16376	5530.20982	5835.27402	6175.86071	6250.7495	5859.84057	5328.2214	4334.05901	3629.30344	3034.62484	2766.89578	2549.16547	2422.16409	2550.5375	8765.09313	29171.42139	16591.0684	2214.12532	1105.51935	1120.92024	1098.54229	1192.66542	4050.62227	150757.34716	324466.5713	83296.12261	566.25008	169.90513	110.94787	88.80452	79.57985	66.37064	70.73796	49.75841	49.31307	42.17774	39.4916	41.9833	37.72018
380	12494.68883	9612.75084	6859.97783	5904.36734	5487.9703	5454.62239	5726.87305	5950.12179	5877.95788	5804.09888	5275.49121	4386.00552	3550.92952	3130.15565	2825.93237	2588.44882	2430.68846	2392.834	4927.20397	23694.74071	23503.36352	4241.22136	1171.46502	1090.36508	1126.04371	1116.77545	1597.67853	55872.42829	305396.25297	186410.29103	7334.26742	218.46996	122.77595	90.92124	80.43096	60.26227	65.90231	55.62458	47.89585	43.90027	44.14025	38.68394	36.10945
382	12464.03743	9654.49361	6899.69898	5544.15486	5267.69625	5333.13487	5618.3249	5813.71357	5808.29647	5522.91396	5130.87965	4295.09148	3571.54151	3169.47545	2854.60131	2614.7631	2476.39568	2335.11164	3182.20586	16540.78466	28268.18481	8057.43404	1296.5032	1067.17325	1144.21649	1088.37385	1279.94379	13337.37187	213169.82562	281362.24139	39034.17163	333.18651	137.47944	96.66573	71.40603	70.67431	63.90819	63.06018	47.18325	41.50311	44.69168	41.46643	37.31205
384	12360.56668	9454.02688	7109.9212	5834.30232	5421.89039	5324.1035	5391.36992	5476.01992	5445.134	5379.77145	4923.63058	4250.65309	3563.162	3168.7479	2950.85887	2652.44832	2495.84461	2341.80181	2552.24899	9977.92638	28593.04172	13982.47019	1789.45071	1081.8404	1115.3106	1070.64031	1110.02346	2114.93546	103284.9236	312860.91046	115248.17859	1512.31426	175.59546	107.73962	85.32124	66.51992	60.80359	60.56745	54.72887	45.81592	45.90973	40.9278	36.57504
386	12235.26659	9869.724	6540.52736	5404.93072	5015.62181	5137.63703	5114.2067	5358.11267	5353.48176	5237.74978	4789.61685	4094.36066	3482.93573	3150.83834	2991.5157	2691.37135	2573.23276	2338.00326	2364.94315	5599.20849	24525.55745	20515.97377	3332.94082	1062.23801	1095.78546	1122.7369	1014.66271	1343.22326	32277.43838	257474.31699	215861.38467	16067.61281	239.73971	132.61447	86.33967	70.40295	60.73215	66.71323	58.60055	45.83519	48.53301	41.23907	37.01896
388	11456.96653	9098.49113	6375.40177	5504.10044	5108.60473	4981.64699	5198.77564	5135.34127	5324.19786	5101.99637	4644.5757	4035.55441	3596.93062	3310.55136	3050.07822	2740.58	2520.07318	2312.02863	2217.61632	3312.46191	17819.01541	25684.77629	6288.2926	1161.22181	1035.26565	1091.43311	1006.64658	1116.14986	5415.28121	156722.1054	288759.09413	65722.44843	412.92508	155.43475	95.78479	73.90366	68.10223	59.76269	61.80991	52.05685	45.24365	41.46961	41.07095
390	11012.62136	8827.03013	6721.64129	5272.12451	5075.8722	4678.09018	4930.06128	4894.48566	5028.02042	4823.5973	4535.6317	4031.82827	3576.67809	3248.66489	3034.50291	2843.78523	2601.62294	2396.79354	2238.16301	2561.62096	10974.04592	27259.81103	11320.38498	1544.37847	1077.25755	1049.46275	989.44812	945.76954	1472.69516	60788.17367	286857.12856	158959.46795	4718.07422	198.39414	118.31388	81.80979	66.38741	62.08869	61.64446	54.44059	44.05993	42.45479	38.98437
392	11969.07384	9052.81093	6810.91153	5174.49679	4673.45827	4733.58049	4657.17937	4838.56121	4767.16868	4780.07069	4425.51559	3989.64897	3563.00994	3251.73125	3055.15676	2865.67941	2612.87268	2399.60206	2201.68351	2240.34303	6037.52941	24409.27307	17712.62507	2725.6164	1076.94245	1038.23462	1017.58977	898.90592	1112.60921	13914.01549	205773.06754	252439.1902	31903.59178	302.76081	125.16609	86.36508	75.03708	59.38524	58.23813	60.55218	53.33961	43.64713	38.40505
394	11347.73723	8541.06929	6773.99932	5241.96285	4501.14548	4531.66466	4743.95554	4777.56495	4631.24579	4629.97707	4404.40267	3926.37449	3593.67308	3271.5679	3093.09	2933.56947	2694.31343	2466.18626	2272.49938	2129.79818	3578.79872	18234.82832	23280.39187	5286.75867	1103.74715	1016.40116	993.91545	851.47034	950.82988	1928.81109	101929.65711	286378.29638	101678.96572	1025.52946	160.91049	110.06635	80.02167	63.88432	62.45166	55.58243	56.28758	46.43665	40.9671
396	11522.46656	9197.95298	6825.01262	5276.69772	4315.54834	4496.11999	4567.13883	4638.25679	4631.49319	4551.1871	4301.67557	3900.19351	3618.58954	3296.4761	3200.13581	2985.07918	2720.09807	2509.22624	2262.28667	2086.48874	2526.80038	11566.99929	25956.81574	9957.73046	1415.03925	1052.86588	983.39089	918.78987	839.55187	1151.85288	30415.97599	236601.53605	201156.47874	13680.88782	233.19851	116.76064	88.14003	70.56384	61.51868	57.6278	59.23369	46.02995	42.44541
398	10973.68249	9148.903	6796.09982	5078.65333	4516.49893	4270.03687	4526.21989	4609.43781	4432.15006	4535.46528	4220.97784	3900.10354	3518.15733	3325.85145	3191.19099	3053.2569	2782.18122	2513.16367	2348.95721	2100.3429	2176.13234	6563.8015	24019.2768	15786.22507	2263.94476	1031.35172	981.05591	960.32275	803.62926	962.3293	4539.11618	139074.33422	269518.32626	58495.33472	387.74038	140.60743	89.47583	75.32504	65.41948	56.12441	53.50678	52.42602	41.25648
400	10539.61815	8858.48219	6352.44503	5503.90611	4220.54202	4329.15824	4333.29281	4465.65323	4471.33734	4253.68991	4134.35756	3856.93314	3647.1729	3386.52155	3300.69902	3100.27077	2792.96076	2599.48365	2371.87941	2077.37605	2099.59403	3738.78215	18990.39834	21564.80949	4439.4914	1079.90038	972.01669	910.44334	814.15052	796.96694	1225.86725	51485.0589	259789.83843	146187.37245	4352.09202	179.58987	108.89717	82.37862	68.69186	58.41312	55.36342	56.62797	41.96102
402	10771.19421	9145.04955	6228.74428	5223.9741	4480.07999	4431.96789	4351.99722	4440.43541	4435.89807	4367.19836	4220.51247	3823.02878	3607.65244	3431.78095	3372.11258	3090.96011	2890.7115	2702.71173	2385.70166	2148.65657	2001.77743	2559.02685	12509.05934	24759.12444	8521.19624	1287.08215	961.90619	897.11885	840.44391	733.65578	942.09781	10414.64937	179246.96783	235643.31056	31146.2704	276.10937	132.93926	91.35997	72.59046	64.51785	56.06084	56.06193	44.10723
404	11051.63509	9004.00851	6296.28414	4984.01986	4480.10994	4231.46113	4295.66736	4320.11912	4274.49189	4309.05844	4029.50383	3829.8327	3662.45697	3487.15792	3345.92487	3228.80213	2967.61898	2795.18445	2496.37348	2245.43889	2004.53135	2204.73385	7163.41948	23552.16637	14263.44982	1998.48782	979.19948	889.64662	852.35608	732.1205	827.72856	1446.50871	81159.25047	266415.11379	101127.55416	1094.70438	150.59058	99.72352	78.80767	56.95338	58.57735	54.07782	49.24942
406	10579.33022	8539.67919	6376.30683	5271.7317	4761.68131	4360.88603	4421.69202	4296.82414	4293.40311	4118.86938	4125.03247	3861.82362	3687.96181	3526.45301	3434.78677	3234.91012	3051.2496	2818.39686	2526.53575	2280.02323	2026.6096	2045.05874	4094.39943	19030.8574	19824.74284	3808.49985	1053.3878	901.11582	861.50697	749.08454	720.0007	994.74983	22159.51909	214359.48571	196190.10191	14167.89254	209.15506	117.18896	83.69198	67.35276	60.53553	50.85803	55.52148
408	10639.4705	8491.40027	6422.00017	5257.93037	4237.38027	4293.52477	4303.85234	4253.00884	4171.33449	4083.89943	3860.08241	3689.74579	3686.42842	3549.67368	3518.40614	3321.03951	3098.55838	2859.05198	2601.675	2337.82372	2062.50079	1974.62911	2660.43291	12857.76115	23415.12214	7234.05499	1242.41577	934.05622	861.7321	806.82303	686.56732	804.43616	2914.15793	117893.37451	259168.09637	61761.19388	385.6263	137.85539	89.41897	67.4891	59.98213	55.92808	46.15808
410	9954.37984	8169.90567	6392.62548	5138.47071	4510.77044	4283.46984	4066.22918	4037.31693	3998.56506	4009.06445	3956.0476	3722.51441	3684.77873	3616.45304	3484.43376	3395.63241	3174.69065	2941.55839	2630.57581	2405.08823	2143.52493	2003.98827	2171.53786	7671.83269	23161.43326	12177.95482	1822.54079	956.23172	851.56129	839.93624	710.26484	731.51391	1020.40116	41126.67709	242248.24643	148116.79106	4713.0499	171.8586	104.82289	77.07932	65.63889	56.58768	53.44909
412	10297.77199	8684.04976	6607.47829	5127.23545	4569.12614	4390.59485	4094.25118	4157.14828	4007.61457	4048.26099	3953.77372	3767.84273	3634.69043	3674.12449	3564.05588	3450.99088	3153.73213	2941.69685	2727.06211	2431.883	2249.6963	2036.01258	2043.22391	4440.71327	19456.43736	17469.18084	3312.74795	986.92718	898.56067	826.21748	717.6619	654.53179	834.40201	7649.27478	160833.64801	229927.00961	31660.20868	271.14642	120.08872	85.8484	67.53768	62.09596	49.56463
414	10715.05526	8836.56982	6738.8198	5107.62377	4467.03926	4209.45343	4108.09213	4103.23782	4013.08219	3932.48632	3909.26801	3781.79004	3698.23401	3683.94034	3551.80827	3381.48783	3255.51767	3036.37507	2766.79664	2513.08248	2300.62858	2028.46665	2022.71678	2869.01415	13967.92924	21490.9577	6171.73053	1169.51642	917.2771	819.22098	785.85735	644.60164	698.03259	1192.82642	69271.40528	254506.46851	99506.77144	1234.20228	155.0107	91.64461	71.47136	57.04476	51.66788
416	10266.03642	8866.90686	6887.20124	5588.58881	4803.31895	4200.62723	4010.10185	4006.5087	3977.4502	3881.87024	3916.42176	3795.28464	3684.89936	3638.64306	3633.14113	3467.81486	3307.53636	3080.7305	2799.59726	2484.23312	2304.81121	2148.62672	2026.42475	2345.37283	8754.1228	22227.59152	10286.50444	1597.32605	938.07225	813.17789	787.73403	673.05588	630.85146	857.56608	17725.2427	202835.81305	188350.20608	14579.88453	215.20273	108.07211	72.15272	67.10535	48.11978
418	9386.81406	8512.71263	6377.92714	4982.9233	4478.15621	4112.63172	4130.38714	4229.19933	3870.4667	3838.53281	3872.12151	3690.35831	3582.83829	3631.47792	3657.25876	3493.52245	3273.87409	3102.82473	2849.68958	2579.45766	2366.16419	2202.9715	2029.30547	2160.00722	5070.69642	19580.4895	15210.80619	2711.19756	963.45987	835.50342	776.81726	693.37657	601.12021	675.65319	2157.06033	110418.48807	245380.66478	61509.91961	397.36239	126.03455	89.7952	67.63558	59.81092
420	9843.27438	8894.9775	6586.49584	5141.82678	4349.93025	4312.37037	4015.09946	4029.03179	3879.16976	3857.68661	3779.06743	3648.32618	3663.53435	3633.08229	3634.66138	3474.51832	3282.88585	3142.17986	2899.2857	2652.19626	2458.81966	2223.72974	2113.23534	2105.4753	3189.44852	14709.84124	18971.02054	4982.77697	1078.82284	874.77712	777.00137	718.3778	592.12373	621.36685	883.68562	37757.56571	225806.90105	145339.88796	5669.71038	173.66647	98.76885	74.21812	60.72182
422	10101.35912	8797.84133	6475.03817	5182.55667	4515.53956	4314.41177	3999.74353	3998.68134	3872.67995	3745.09298	3661.11428	3747.57444	3524.87973	3706.31851	3597.49089	3484.75939	3297.34557	3155.29963	2930.02682	2723.7927	2510.85126	2316.91618	2151.94839	2078.50852	2519.54812	9639.40985	20403.73405	8365.8189	1405.39499	895.30685	783.62609	710.36005	633.65734	561.61305	702.64964	6661.93601	147113.60806	221547.14967	34086.38644	268.95817	122.85071	79.69592	58.10093
424	10170.67679	8529.44031	6724.28108	5643.33607	4490.25849	4202.43928	4053.33555	3877.7009	3889.31392	3711.08814	3576.48002	3720.75621	3549.47393	3634.58863	3634.13441	3520.56702	3357.47614	3159.6664	3007.6563	2701.79526	2534.1604	2353.47147	2194.35494	2110.3128	2281.02235	5674.28563	18485.31003	12535.67033	2268.31142	914.77379	800.18453	729.5188	660.42281	517.1442	615.24366	980.03664	61428.94823	241477.69353	102817.82421	1469.11731	137.86917	84.17099	70.95211
426	9773.42359	8333.63138	6607.30935	5469.75921	4624.61062	4048.4985	4079.61329	3666.20501	3636.50164	3685.08072	3644.45792	3534.1962	3630.36625	3595.11333	3613.84023	3541.69534	3397.83885	3188.09544	3020.08549	2766.09814	2593.55592	2413.29319	2220.66433	2127.66189	2210.41243	3568.83516	14560.95258	16125.0937	4004.01988	1004.03455	822.91999	731.59546	657.28327	523.16935	529.60957	699.5809	15971.44298	189435.33818	187230.06756	15527.00551	199.99541	102.08497	75.23389
428	9893.65424	8253.37386	6456.85483	5466.29415	4719.58856	4161.23231	4165.1424	3917.08629	3882.10978	3614.65708	3656.32035	3512.05202	3606.32025	3594.59104	3567.05825	3533.05901	3275.28344	3180.29006	3080.49319	2813.09276	2629.94172	2470.88348	2313.41029	2150.23106	2200.65081	2642.25815	9741.13384	17880.0237	6695.05432	1283.44176	837.69925	724.93774	681.76457	551.85114	480.13428	585.63981	1939.66899	102002.69199	238837.53521	61631.09121	404.88876	125.1424	78.39366
430	9491.40777	8230.32385	6580.31654	5723.73149	4702.35256	4274.53645	3903.31324	3802.86942	3681.12996	3449.03111	3557.06437	3407.62829	3478.22737	3506.45948	3566.01641	3473.5217	3378.58525	3134.49784	3057.38493	2862.41532	2612.42431	2505.85316	2368.38163	2235.12755	2186.25413	2316.49552	6132.87157	17019.56324	10025.41361	1863.01489	848.52812	735.09655	649.26087	570.07674	452.67836	516.10511	737.42758	34887.02805	218860.53122	141583.41346	5969.52286	171.74877	89.6779
432	9842.13609	8248.98394	6985.09546	5529.98495	4775.70688	4274.20882	3964.81152	3867.97118	3565.96142	3498.17781	3518.36879	3525.31982	3545.55568	3578.86863	3519.43031	3505.09155	3328.17274	3198.02174	3027.8094	2854.79199	2644.71504	2485.27859	2373.74141	2300.44321	2180.87622	2262.13434	3791.81049	14078.10727	13349.04982	3123.40922	897.32166	738.08764	622.94693	583.04353	467.50454	449.96882	586.52109	6595.77785	145553.99597	213572.18634	33425.84541	258.67465	105.95619
434	9398.97963	8386.31168	6771.99528	5600.00866	4875.09831	4294.75683	4001.74799	3936.48908	3717.56057	3500.91717	3354.84101	3406.51165	3434.88254	3507.99412	3529.30191	3455.73035	3357.48516	3151.90018	3091.84356	2921.91297	2696.32714	2542.88511	2411.43133	2295.73344	2214.28481	2188.91822	2737.48027	10233.97905	15286.74715	5095.33797	1051.10914	758.97472	650.883	574.09987	492.10951	434.94244	524.18829	949.97843	65066.19807	235080.30443	96750.06166	1441.06788	131.56197
436	9104.32898	8035.58987	6936.80741	5666.30428	4643.84401	4508.26751	4072.70512	3747.94463	3564.4674	3521.96237	3417.23083	3354.69385	3416.27306	3444.52726	3470.56251	3419.23609	3321.10744	3181.05524	2994.62185	2902.41946	2737.82926	2557.26085	2408.94898	2323.4184	2236.1831	2148.80711	2333.43465	6809.50322	15322.0516	7853.72819	1476.75034	738.34778	640.6895	558.32317	510.74706	421.67443	440.18478	646.51461	18369.80904	192093.12474	173635.24463	15479.18129	184.27138
438	9627.81396	7757.83802	6350.69218	5546.89229	4743.45848	4350.87675	3884.63293	3584.78128	3540.45951	3390.47289	3297.74296	3202.61221	3320.38358	3389.9615	3357.45738	3365.80663	3310.04081	3176.4358	3052.6833	2853.68157	2718.56065	2568.65023	2469.37118	2373.56108	2261.27737	2147.49262	2193.93436	4205.37713	13462.11699	10566.00619	2276.45794	767.66394	656.80122	545.36169	529.86932	424.55298	415.9862	529.41768	2462.51094	111483.1269	222238.60101	57498.65535	322.71546
440	9001.71824	7843.97278	6524.24263	5490.50163	4551.99588	4062.80574	3868.86767	3658.27381	3481.38702	3432.00577	3310.4122	3219.56707	3236.7542	3347.86848	3360.71297	3376.22617	3329.66929	3085.85751	2991.25522	2798.91776	2712.10238	2583.64562	2466.41855	2372.77477	2305.21065	2169.31832	2145.84626	2857.75573	10427.89876	12750.13169	3715.59808	841.60703	639.10622	536.16383	520.85068	438.11236	382.72614	452.15872	696.52243	42171.58022	211557.17632	131179.2488	3771.80477
442	8847.95305	7616.77418	6444.81052	5486.98942	4580.50438	4181.11461	3863.18792	3526.60658	3438.1061	3280.89445	3260.09318	3104.84461	3229.40444	3335.02206	3281.3212	3238.37519	3155.48952	3092.04469	2965.99725	2795.35453	2717.61321	2620.93597	2531.72471	2399.30514	2354.4966	2208.97936	2025.02917	2222.9998	7089.05148	13377.46406	5904.80412	1097.77603	622.04922	547.78467	483.8604	457.65043	376.33403	409.60915	565.94404	8923.28048	147706.57697	203323.91522	24328.39682
444	8282.53522	7864.99039	6355.04552	5232.46993	4653.21668	4004.68161	3751.52215	3634.13067	3384.49423	3233.90835	3101.67225	3086.36365	3186.50926	3238.96659	3169.89011	3229.42506	3144.30211	3030.53275	2899.27898	2738.73013	2667.41225	2550.42599	2501.26687	2416.47959	2331.21948	2190.46326	2021.46597	2010.18107	4484.95905	12454.43361	8363.96192	1663.53999	650.85157	551.52132	489.50578	454.2971	380.31556	370.52126	478.47693	1038.36582	69841.06875	229172.98749	78132.80284
446	8354.64423	7616.11972	6150.09944	5383.6191	4529.66179	4224.87297	3597.59229	3508.19796	3384.63028	3200.64369	2967.17204	3090.52906	3140.27546	3195.98001	3136.80927	3214.79503	3084.87879	2957.093	2880.7699	2749.39662	2685.63115	2559.32981	2527.95227	2434.28691	2336.63154	2200.68337	1970.73201	1897.01448	2967.81475	10046.98109	10495.73433	2785.94797	738.73883	533.19158	471.55075	447.66273	409.84319	354.67538	420.30721	589.70458	20223.10706	182394.98184	156004.30741
448	8187.86855	7469.28922	6393.308	5283.72714	4616.64407	4080.1679	3853.12516	3447.8403	3393.02703	3087.17317	2979.88332	2939.19477	2956.408	3169.11026	3167.90416	3141.57961	3023.31884	2963.98594	2840.02004	2717.00547	2644.62644	2604.09791	2469.46801	2447.91495	2325.49506	2194.80676	1975.63686	1809.24225	2146.52636	7203.68229	11593.82705	4473.68573	876.64405	526.49092	487.87218	447.46878	423.73664	352.24412	378.50721	486.37872	2763.40705	108270.94887	212463.06042
450	7845.43798	6672.99482	6460.49948	5030.52699	4698.58764	3936.23611	3688.28165	3409.39773	3268.84444	3012.22363	2882.95904	2887.96547	2921.35759	3014.01095	3067.67274	3081.43493	3023.12014	2882.16754	2779.19141	2684.88726	2664.07598	2578.25046	2456.04592	2386.79998	2302.36304	2214.15499	2008.87645	1816.558	1827.1438	4584.86779	11228.45838	6535.48185	1324.86809	564.51713	492.81796	435.2855	432.17364	378.05745	356.89844	421.00235	651.12949	40904.78856	204414.60335
452	7381.07009	6894.13179	6595.28977	5183.44239	4500.73845	3924.1239	3701.54409	3396.01785	3132.90839	2942.90523	2771.18217	2788.2729	2865.2735	2911.01041	2991.21347	2975.03228	2914.63516	2815.75151	2705.46038	2620.73981	2584.82007	2548.79154	2469.22861	2408.38334	2327.81455	2192.52063	1985.60803	1751.57762	1638.96578	2870.52144	9494.27169	8603.85534	2120.60055	575.40188	493.43765	452.40584	436.80575	384.43477	339.37381	369.28185	492.38947	8693.18163	139672.0849
454	7971.85059	6692.55437	5758.60818	5058.21934	4178.31829	4051.6577	3758.39605	3403.61519	3076.3881	2849.91897	2795.32568	2712.45394	2711.72177	2873.9692	2868.97222	2919.50258	2888.8452	2777.55728	2692.61352	2579.93936	2510.88497	2501.65367	2420.19428	2368.86801	2288.0133	2179.64943	2020.11718	1740.49811	1624.25878	1958.4827	7026.59493	9834.57658	3473.05312	709.31916	486.75698	456.07356	412.02254	394.15527	332.11038	331.77432	429.83985	843.35355	60956.72237
456	7518.09027	6739.95015	6000.90166	5091.31788	4542.84243	3896.0158	3594.16394	3296.69032	3103.04611	2736.9071	2717.65279	2669.45014	2680.80824	2816.88267	2874.91757	2840.81254	2773.06663	2682.9631	2636.42958	2593.76361	2511.70305	2441.78645	2423.41794	2319.06364	2290.36964	2176.15118	1957.90889	1743.11308	1582.72021	1585.29638	4509.41968	9953.1434	5334.56973	990.89729	492.98355	438.32872	409.14728	409.42908	349.33604	331.81264	368.17501	501.54817	16148.46336
458	7424.85594	6277.82523	5554.28583	4673.73163	4259.80453	3821.32379	3492.80923	3374.70411	2983.72698	2714.72985	2579.63449	2604.58136	2563.91812	2689.16873	2773.59886	2736.82371	2724.67867	2627.52416	2547.76156	2551.56257	2405.1527	2381.398	2404.36002	2294.34948	2252.5555	2158.7667	1934.99263	1698.06156	1520.98785	1445.40621	2841.05332	8644.31994	7044.98056	1588.08986	504.08835	453.94041	415.30563	408.91207	360.90336	312.52294	330.34527	413.05855	1940.42197
460	7611.20476	6574.81793	5880.6284	4620.28499	4414.76085	3746.59883	3536.64377	3180.34642	2877.21686	2666.77513	2597.49288	2492.96935	2514.91548	2645.0591	2712.09611	2683.63681	2625.68203	2553.08676	2502.06441	2380.1999	2397.61446	2349.31994	2322.66058	2248.6915	2246.89461	2161.62391	1907.41277	1686.03785	1473.48847	1387.07474	1874.66412	6598.11232	8454.26139	2687.89303	573.38911	442.17379	424.90387	384.75118	373.82509	302.56936	296.92239	371.00654	532.67384
462	7513.25809	6210.56361	5601.60083	5128.14221	4312.65188	3775.4891	3458.40401	3038.87619	2768.17344	2678.67735	2445.3968	2363.68816	2425.97748	2584.8471	2571.52631	2669.36969	2577.40792	2564.95835	2446.99451	2402.03183	2282.69788	2295.84431	2274.30478	2246.71945	2194.63277	2058.44341	1947.42388	1660.56274	1478.85405	1326.67651	1404.0879	4440.14298	8705.94488	4095.77351	816.76007	428.89632	411.69161	383.15321	379.40873	315.5316	286.43609	318.01958	418.95205
464	7077.21471	6548.63982	5567.5815	4791.65323	4070.20696	3755.52131	3235.31181	2997.26459	2701.07647	2591.79513	2452.77599	2369.14407	2368.88629	2491.1999	2457.49828	2515.35114	2494.37378	2404.72847	2419.92825	2277.29035	2240.39335	2254.61179	2222.72473	2230.16325	2155.02097	2072.798	1912.06963	1679.56052	1424.4902	1249.23339	1227.88885	2747.36767	7816.85814	5648.19012	1230.57732	453.10154	408.8859	393.80843	366.14109	326.4142	268.0853	285.71369	355.67309
466	8270.44137	5831.96649	5521.42459	4563.19883	3964.03764	3514.55304	3200.1824	2899.95081	2748.14624	2504.51884	2303.91614	2267.86725	2286.76223	2402.69405	2393.47049	2450.06628	2413.90486	2374.49125	2304.03021	2244.10975	2177.04889	2162.10871	2139.61239	2153.89223	2106.47061	2032.39065	1802.85911	1634.21464	1412.13463	1221.07388	1170.43628	1706.69536	6155.5079	6989.94261	2051.80538	525.34274	394.66279	388.20484	345.72991	332.98381	274.42422	257.4192	297.70083
468	15587.81845	6058.42651	5216.47039	4515.88023	3993.06008	3494.92886	3086.04817	2933.39431	2469.64203	2418.65982	2280.72519	2257.03234	2236.65137	2306.6962	2393.48824	2356.84437	2335.67295	2272.09816	2213.96117	2179.97299	2176.81449	2114.54902	2103.31481	2115.18554	2057.25337	1937.74577	1807.23312	1597.93622	1369.77171	1214.69433	1113.95751	1213.45503	4285.06032	7484.91466	3182.35001	634.31485	395.04707	382.3474	344.46995	327.59046	286.48067	250.6877	267.92374
470	32365.36536	5541.73088	5161.05891	4626.74194	3737.37354	3469.96455	3064.50484	2742.79897	2594.9778	2304.207	2212.2847	2097.21849	2133.72285	2224.2952	2258.68204	2309.79213	2197.50299	2199.41284	2181.80439	2096.62744	2082.35912	2023.19215	2040.40282	2049.64712	2058.50911	1923.32925	1776.51288	1589.45731	1370.55174	1156.27076	1039.10166	1035.19996	2702.53684	7131.34985	4508.96073	990.14745	386.11188	356.21254	343.73229	331.28585	306.63892	238.4509	235.75683
472	60387.35965	5420.11675	4845.73977	4147.28907	3796.94684	3379.14945	3076.34658	2687.82965	2426.15499	2231.57755	2089.77514	2048.25734	2053.24395	2158.67459	2215.21279	2154.14296	2132.90589	2117.20261	2104.84231	2037.45919	2034.6728	2009.98775	1998.5375	2003.94389	1939.74521	1912.28498	1730.34467	1550.55066	1325.65491	1152.3416	996.93837	962.51882	1621.51901	5886.05322	5731.81779	1549.74881	432.15565	355.70761	329.20881	308.8856	300.72793	236.73451	218.21987
474	97149.3262	5625.69722	4746.14483	4040.66914	3841.44445	3037.03879	2845.48239	2589.62409	2361.97364	2154.27038	2005.59355	1992.744	2005.15725	2034.75164	2034.7506	2093.814	2072.78236	2042.53436	1976.43834	1989.66203	1886.53124	1895.10731	1870.73458	1881.24991	1911.35734	1837.26605	1682.01621	1476.30696	1317.02638	1125.50029	974.18566	887.97625	1113.89149	4241.38631	6427.13311	2431.78101	527.15148	332.61862	316.62826	287.65842	289.16297	242.94668	211.49963
476	137337.45166	7268.89384	4847.08185	4031.58211	3514.98913	3086.39132	2859.06143	2413.73982	2308.77676	2099.32947	1957.7264	1908.38229	1912.87265	1940.29299	2007.62373	1978.04843	1979.46226	2017.05814	1942.80246	1879.39696	1891.08273	1818.78351	1855.64996	1819.8591	1854.14158	1768.63688	1607.23439	1430.46203	1272.14029	1081.5206	930.11024	834.87488	866.54417	2694.30636	6318.38698	3561.48724	723.10597	336.03188	316.4176	288.60574	266.53367	255.80492	199.20108
478	173324.14358	15996.28381	4497.4945	3975.70791	3576.19321	3094.56241	2720.06906	2559.22881	2185.52706	2023.60546	1897.40626	1806.34105	1855.2688	1825.43572	1862.52407	1927.73387	1899.42698	1871.8018	1811.2199	1786.35053	1792.01613	1793.51122	1798.95153	1797.92524	1798.70862	1728.33482	1600.59432	1409.33241	1208.93099	1033.18644	884.16527	759.76735	785.29111	1620.3635	5455.80802	4659.22389	1180.45573	358.96986	301.23014	282.94614	253.1124	258.46443	206.6447
480	191378.26777	33832.7407	4461.25956	3862.38453	3422.65954	2744.17856	2741.47914	2341.75761	2120.55527	1953.92713	1827.15346	1763.41077	1757.32841	1790.1562	1877.77257	1879.15609	1840.06457	1812.08717	1784.89964	1740.4029	1718.65913	1692.03179	1705.57096	1709.25533	1711.19113	1667.74869	1527.72748	1363.92585	1166.99895	1031.20331	876.85306	750.76588	738.0231	1029.17684	4152.13086	5408.58336	1834.96107	424.50845	278.19041	272.00976	237.5882	240.29206	212.2876
482	180450.77803	64975.6189	4345.21873	3938.43535	3104.09515	2901.35539	2581.37515	2247.20505	2029.83305	1918.78627	1763.6526	1758.62848	1712.64129	1773.46215	1782.35596	1807.62382	1764.1003	1755.0378	1740.22723	1687.09973	1677.46194	1641.98043	1670.38163	1670.27894	1698.6892	1631.68454	1500.12043	1331.58339	1123.73855	1009.20669	853.08799	724.14769	671.19235	775.56922	2821.4265	5550.79232	2725.57417	560.05857	285.70086	260.75312	241.12268	232.72609	215.3524
484	153153.49683	101649.12025	4276.66206	3487.88725	3048.87659	2877.14434	2565.14212	2251.06144	1972.89672	1821.4312	1748.1374	1602.4567	1606.63008	1689.74903	1670.07464	1665.01642	1714.89133	1687.34505	1645.21914	1625.66985	1622.37268	1617.30003	1638.74424	1601.52861	1562.6566	1552.94162	1440.71217	1307.30523	1120.05748	976.08684	810.20414	685.45724	652.32237	662.07474	1754.46946	5059.69606	3698.45214	864.28738	295.92292	247.27724	232.95222	216.9481	225.95041
486	114573.82955	146162.29413	5879.82186	3476.48405	3184.53668	2676.23668	2384.4757	2020.09062	2019.69463	1718.22734	1612.35525	1561.63838	1556.60445	1602.42785	1648.9637	1632.14823	1620.23308	1636.99726	1601.39147	1533.48144	1513.52638	1566.19871	1535.88795	1582.71028	1562.95301	1527.73342	1396.00882	1218.3345	1086.3641	938.1233	791.05792	672.98383	598.04319	610.37238	1063.71254	4084.93377	4415.58399	1382.30091	331.84926	245.88158	236.6757	213.52729	218.2597
488	72282.44041	183496.3743	14395.23391	3570.45501	3110.65526	2552.9381	2257.87	2101.49599	1938.93034	1728.85704	1611.81427	1517.67663	1419.05122	1544.15776	1556.39213	1550.37613	1573.71388	1539.58084	1469.37652	1500.61083	1516.28538	1520.86202	1455.16049	1525.99915	1493.06404	1425.75274	1356.56479	1236.03974	1073.26546	893.67564	782.53688	647.36707	563.34351	575.38742	728.27097	2937.69234	4799.85267	2021.30306	433.90327	234.90984	226.73149	219.81882	203.13633
490	38359.21156	199519.36601	31970.00208	3166.87805	2813.35489	2394.97309	2263.73901	1962.41222	1880.01727	1685.40158	1502.87015	1465.53417	1433.54887	1476.36855	1470.61794	1557.93385	1524.75411	1471.09639	1456.60087	1435.2396	1427.83132	1422.23559	1460.59053	1455.56849	1479.49356	1401.99424	1310.70816	1163.51596	1017.74437	865.9228	752.16393	660.41329	558.90861	529.1412	580.73786	1946.0204	4667.26853	2897.04655	619.80805	246.40069	223.14146	214.95563	197.23284
492	16985.97266	190909.57624	61052.72591	3242.4413	2866.68667	2540.03127	2191.167	2056.41004	1734.62012	1534.93926	1503.71229	1352.51882	1396.37554	1430.1415	1455.94624	1410.44054	1433.34021	1449.55973	1410.69102	1367.99044	1388.0038	1344.59662	1369.7692	1401.73058	1396.62292	1357.77015	1261.11968	1145.74688	988.54955	864.98315	734.92691	622.39228	536.15339	514.7016	512.34867	1198.15892	4039.27049	3569.39597	961.01136	265.70704	211.76839	206.67143	197.10316
494	8420.89728	166469.4289	96375.89098	3325.59774	2729.07006	2388.50751	2082.02944	1977.1042	1724.44897	1495.50581	1435.4173	1344.35874	1357.4326	1436.77926	1352.65203	1365.73638	1403.66762	1368.08394	1346.78007	1333.30051	1344.56118	1310.14298	1333.00651	1333.01675	1361.43576	1327.62601	1225.23979	1128.20495	973.94819	835.354	713.82157	612.91068	534.50515	481.04191	486.82323	781.49511	3120.18006	4069.96574	1463.95612	312.18172	214.56619	192.76894	193.87821
496	5665.75757	128617.02404	140937.46283	4383.73016	2802.78516	2260.60616	2078.52516	1919.77483	1649.5915	1456.0294	1418.88449	1330.54587	1268.95569	1310.12523	1326.24023	1332.12564	1337.48298	1305.93757	1299.32111	1293.42833	1286.85046	1253.54323	1260.40573	1303.96346	1312.32936	1276.47209	1193.40182	1076.11798	925.44109	813.7379	711.53693	597.83443	503.07099	435.38282	453.36248	566.87158	2165.40223	4175.64651	2109.13406	448.95319	204.95392	190.63351	188.896
498	5293.91479	88401.21363	177737.25162	10773.91087	2615.37312	2326.3517	2037.80542	1793.19802	1617.07735	1420.09589	1339.00941	1233.45291	1214.0376	1347.77209	1232.62347	1293.76342	1277.83096	1261.62916	1259.46602	1254.8995	1215.91507	1242.92171	1243.31312	1279.33986	1262.68956	1234.39758	1175.89755	1017.8793	899.38118	780.41129	680.7207	564.75859	511.85041	425.48651	426.50628	465.09394	1392.70299	3878.02712	2733.46282	664.01713	227.27355	187.15833	187.03097
500	5229.15175	48339.99675	200334.57361	26116.07801	2597.99314	2246.16879	2022.55743	1737.91603	1497.70638	1384.6743	1231.07893	1230.89702	1224.46917	1237.79279	1227.13023	1237.32082	1223.21021	1211.0293	1191.10789	1174.0158	1159.30717	1175.68501	1162.54081	1204.89319	1193.58032	1188.20983	1122.7624	993.20666	860.57813	763.57802	657.60365	547.59716	492.05811	425.2304	388.74146	428.31274	848.09451	3193.38214	3305.77104	1024.03075	254.58076	186.74323	177.84235
502	4686.19245	20476.66341	199932.12412	53922.98225	2494.29617	2186.84537	1973.38844	1667.44688	1504.61127	1292.41116	1248.81751	1162.0521	1137.93991	1163.65377	1201.02732	1161.8387	1183.49193	1115.00009	1153.20657	1120.07679	1149.49207	1141.24192	1145.33398	1180.41207	1130.80002	1134.47434	1058.95756	943.44219	860.33794	720.62994	621.56526	544.79374	468.75738	405.74435	384.25785	396.32899	580.02434	2331.56141	3564.3727	1518.59539	345.80389	168.17192	163.00748
504	4282.40597	8596.97261	178512.6135	92738.2018	2646.35577	2004.90697	1860.36048	1671.33611	1447.80212	1254.17438	1248.77235	1099.95701	1059.86825	1156.94131	1108.08292	1101.28325	1072.14068	1130.40046	1106.6922	1106.48843	1069.28499	1068.60248	1098.78422	1150.58524	1127.83375	1084.03744	1044.58421	949.05111	824.82466	712.85003	619.0384	522.34477	462.33174	390.67656	377.54267	368.82224	444.34672	1535.29077	3518.91845	2091.48068	502.39743	185.53096	157.16077
506	4773.05494	5278.19455	139127.75896	136111.2877	3601.96148	2137.86735	1845.16921	1661.19843	1396.43947	1190.20542	1121.37481	1085.2818	1063.67751	1098.8752	1067.47746	1067.00227	1062.00907	1066.70626	1049.51846	1036.78454	1040.19622	1056.99114	1030.59507	1037.62703	1053.63174	1045.0583	983.38814	905.03638	802.70755	690.35803	590.98745	504.49617	444.18889	406.517	356.71195	358.88621	388.4856	920.81298	3071.34716	2660.21379	785.72752	204.64438	155.28997
508	5761.32605	4335.534	92471.98042	178403.95542	10446.64179	2047.5907	1753.16517	1635.21118	1307.09148	1204.43394	1105.04451	1050.52351	1004.44846	1088.42407	1008.00578	1033.93378	1041.67654	1033.63098	1019.49341	1051.77662	995.87506	995.74607	1005.09964	1013.65945	1015.24445	995.44485	937.31266	864.75454	784.78971	652.88449	560.21438	490.9436	421.48741	379.36026	337.81026	330.18706	355.97039	583.95003	2349.19588	3022.40023	1174.41722	266.46395	158.13176
510	7264.46266	4264.76873	50132.6996	207445.8523	27846.56566	1907.63809	1723.54402	1433.31255	1285.78011	1110.41014	1068.05461	945.1055	972.7077	1087.75171	988.85252	962.24075	1004.52401	946.81371	946.53543	995.22024	957.88079	956.16558	964.80258	956.88149	1001.68068	976.59539	910.89479	831.98114	722.33463	633.5238	559.19602	475.69468	409.99583	368.20896	331.92412	308.03246	332.33664	416.2748	1618.88737	3080.64575	1680.96645	380.2682	164.49049
512	11121.85553	3899.10664	20749.04071	207720.81037	59430.7128	1882.48072	1601.07419	1486.37164	1279.51614	1165.37319	984.5753	941.51459	882.1886	1099.95719	929.79227	928.16202	958.4303	899.08322	884.95582	916.63451	909.16343	907.38229	943.96461	954.48264	936.58499	911.4023	854.85905	771.37374	721.29578	622.09717	510.95844	466.35708	393.7288	358.92762	312.32292	295.01756	296.48106	351.55185	1021.462	2841.70938	2149.72257	588.07993	175.10545
514	15841.67016	3664.06137	7346.83442	181637.32584	103860.8076	2052.45227	1628.79795	1399.43871	1247.71232	1073.69139	970.72227	922.48425	854.3905	952.85469	915.69832	905.24795	893.43826	887.0806	895.90909	869.57503	873.90773	879.31675	897.0945	894.95667	913.01889	916.59207	820.2297	751.25039	682.09957	588.65965	504.01299	437.67917	391.18448	346.06037	310.31954	285.50348	288.75734	318.4271	618.58405	2317.32977	2533.76058	895.47078	213.52581
516	20869.27189	3633.365	4237.81574	139874.85717	154461.07788	3611.41534	1626.40335	1408.90925	1133.48668	1034.50461	926.79118	862.3655	813.99299	940.45194	829.09647	869.41377	865.18177	844.56216	811.18462	845.09376	818.48538	829.29279	849.95187	874.13721	875.84306	862.2198	794.42013	736.43396	666.3524	559.89037	493.27417	426.06524	378.27393	324.63409	293.21152	271.23521	265.10032	298.28854	401.10486	1659.15608	2660.93602	1308.26558	291.42716
518	27112.50519	4024.43312	3715.94428	92885.69602	200243.9519	12409.34903	1588.07941	1321.93493	1139.46262	1004.02605	909.05313	799.00558	807.19797	871.95474	778.22056	814.75654	820.85822	791.94182	801.29844	830.58067	818.69147	808.48976	812.76924	858.28339	849.93114	830.27268	784.7013	709.98837	637.01331	544.04567	472.53344	410.64788	359.85785	312.9865	288.76893	263.19663	256.57546	266.3921	306.79597	1081.00614	2528.06269	1713.76608	440.61768
520	32566.24919	5481.43324	3413.41183	50036.4446	227242.32734	34899.6652	1547.11343	1291.8862	1054.78455	942.5174	894.74545	796.71182	774.08194	848.76792	771.38094	750.72339	786.61691	742.38297	740.43868	757.79145	773.35508	780.20884	768.38873	789.25979	782.88698	786.8377	734.10298	655.02013	579.61945	523.09835	474.14058	387.51813	337.04495	300.62108	281.82381	255.14622	238.56635	245.69079	282.29898	674.34601	2154.15997	2057.12465	665.98853
522	37418.44626	7810.46149	3143.46492	18900.53628	221272.84136	70895.25611	1612.70303	1345.72736	1056.819	982.32626	899.53526	753.98541	752.62812	792.61224	757.51835	725.36201	767.85539	723.02581	724.89283	726.31445	742.04037	726.72433	729.16458	754.81034	745.45017	750.44413	711.43948	644.06951	578.08624	504.68899	437.09362	390.10767	332.15201	303.33515	271.15947	249.73668	238.15501	232.87518	251.40207	402.94159	1633.29258	2308.11534	1011.91133
524	35953.09593	11875.73235	3013.03324	6487.76179	191215.09135	118344.5205	1674.98239	1261.05446	1049.66812	881.01434	818.53439	715.22444	727.30417	758.39558	697.41662	719.3143	704.59646	672.19396	687.52255	703.89999	701.44968	699.21597	710.74859	728.05211	715.30943	703.58475	673.75713	603.16396	536.96424	476.34398	414.47869	373.72948	319.87611	288.39268	264.71239	247.15863	228.56974	229.52369	228.59848	288.98592	1104.45965	2281.16943	1354.90034
526	33423.31151	16778.91323	2946.45628	3644.77397	143840.136	173871.66529	4098.45216	1236.91989	1053.74095	898.51971	792.5663	723.60314	661.33752	718.71464	667.97844	693.71023	669.86359	672.86293	647.31959	657.79483	674.92679	666.21519	684.93891	696.60901	678.1443	684.09714	627.94498	581.17507	522.70574	462.68845	416.69283	353.85021	298.98187	271.72142	250.30363	231.01589	209.57902	205.20243	215.70583	241.6022	700.14269	2003.25584	1694.23259
528	29486.66068	21858.59795	3097.32728	3163.48124	92197.30113	219037.84837	14079.3443	1230.80436	996.917	877.7657	747.41587	670.68503	666.96163	703.98592	673.59862	654.17115	667.52712	655.48705	647.66362	634.48545	604.39631	634.33041	640.38501	632.54132	665.93383	651.91356	608.26537	555.85125	501.46024	448.73121	383.11039	336.87782	306.05349	258.35044	249.3903	234.5282	206.42443	205.13992	203.69869	232.02488	420.35391	1614.53062	1931.5711
530	23284.1001	28252.88478	3348.88968	2916.90163	44980.00672	239321.09782	39367.67914	1197.41735	1076.38303	853.88598	733.28381	663.29738	636.30489	661.32541	637.6624	638.00591	603.50305	621.5318	621.0715	592.99305	587.9094	601.81281	622.07033	607.18271	613.71652	618.75411	567.81404	537.57965	468.72078	414.44054	369.60583	322.70485	278.05663	250.83601	223.37043	204.96047	199.52415	189.66702	185.19252	203.32347	286.62111	1155.57266	2015.16783
532	16581.74602	35209.0457	5065.45103	2682.08428	16216.12752	225975.13155	78572.44519	1294.87895	942.47867	790.87021	708.26309	673.34581	619.57413	650.91929	574.70518	607.64699	561.04335	582.62006	576.56856	582.56546	560.59613	560.00307	576.66501	583.2001	596.70447	599.15662	560.25849	504.33687	444.60932	412.67322	367.053	300.46957	283.73678	253.08458	224.35751	216.18391	190.68091	179.06807	177.5409	198.17392	221.6787	747.03995	1887.43131
534	10765.05608	36988.58543	6925.45125	2682.14333	5659.89399	188299.2807	128817.13709	1528.66834	915.41273	789.30533	693.09464	608.02175	616.81197	612.75328	573.78301	560.97647	562.50692	587.47955	524.25435	553.67298	540.0817	539.60988	561.8242	563.46982	579.09351	566.24058	522.27283	472.02868	428.3572	385.64704	340.16186	291.73014	267.03635	230.46022	219.2914	198.9577	193.97948	175.1215	167.08279	185.28571	190.68211	465.37734	1552.27757
536	6967.62089	36927.22839	11588.42617	2598.13792	3348.08213	138192.71837	181584.01999	5095.39706	981.71592	806.59608	690.47792	561.66265	558.87774	579.68333	541.09012	538.25287	538.30898	539.40642	537.51556	524.52663	513.91899	511.69176	535.34914	546.90228	547.32796	523.13206	509.34802	466.4899	406.8843	371.62385	323.83598	286.82821	249.34493	231.76263	209.81335	189.91116	186.22005	167.64753	160.36818	162.90235	173.09709	292.0353	1161.73293
538	4680.24384	35730.7934	16871.06405	2636.8858	2877.44266	85990.98644	223871.24753	18797.95317	925.11231	750.42624	682.11104	551.01315	545.57423	536.31039	507.61886	511.42592	524.67235	519.82643	519.42967	523.97989	479.47938	496.70471	512.90202	516.06294	527.4667	537.95245	474.32861	445.44277	418.31383	360.57914	312.96614	275.95293	249.31292	216.26207	212.99084	193.2044	178.04578	158.40212	163.12486	151.32913	178.90218	219.93759	784.75564
540	3331.21426	29132.93859	23396.14819	2461.94955	2787.3828	41825.13814	243016.98254	48080.32546	925.79297	812.74253	633.66108	556.31112	536.44481	529.24045	529.67987	491.65405	502.01681	488.30935	504.7967	493.07628	480.97942	475.23032	484.78233	489.47837	514.91056	491.00983	454.63538	428.00032	394.84957	341.14931	306.56003	264.37246	241.01713	216.92693	185.39938	176.53726	162.84139	149.21697	152.45085	140.68826	164.21587	180.18416	489.5158
542	2864.10367	22597.7754	28884.95413	3256.8736	2713.46443	15971.18386	227337.17261	88918.66316	1060.67058	761.03049	629.13586	559.50395	501.27855	522.37298	499.29477	464.12755	489.7687	472.40649	464.82987	480.99044	436.44772	456.8089	459.06851	489.01373	496.20275	468.90856	436.18076	401.40107	358.22817	316.24146	292.00617	256.16133	221.61783	201.32508	195.48495	183.64097	165.21083	154.86612	149.84953	139.78786	149.22682	157.09551	308.48793
544	2990.34923	16589.61599	34735.81243	4795.2685	2660.75529	5450.08638	190307.29647	139021.07611	1367.85636	748.2894	610.06595	553.22843	488.1315	466.81923	474.90475	464.89867	440.78293	450.10319	447.3664	429.65951	436.01408	428.38929	451.26077	438.18823	459.4027	464.28784	424.69968	373.48583	364.90402	311.81937	282.01926	249.82211	220.34332	199.78801	175.3349	176.42232	166.81281	143.99875	154.58138	137.83438	139.44934	156.58512	215.98853
546	2691.35259	12068.24072	37212.92393	7493.67783	2544.7781	3221.04361	142701.86896	188195.12063	4505.6368	740.66407	554.86567	499.68812	468.93647	478.83357	446.62355	439.84004	429.59785	408.54703	425.37244	414.45469	411.2301	417.66625	431.02568	437.42285	441.85814	430.47319	410.46593	375.27072	334.74919	281.46432	257.85068	238.87379	218.77235	192.85112	171.91361	150.25986	141.84592	136.29884	138.27238	127.93666	129.61492	138.37074	167.71624
548	2424.61695	7121.41375	36802.45212	11123.20048	2612.00708	3003.56622	91477.33157	224650.75309	16381.45057	740.04612	567.92001	454.24496	475.02035	432.54876	417.14477	413.70879	437.91358	392.69161	399.24979	395.18673	406.57004	384.3952	405.68229	425.6327	429.22695	403.30281	376.45924	355.54204	328.59113	280.09842	251.32318	216.01981	199.86153	175.7648	163.70797	149.68215	150.30026	135.10455	126.72055	119.96429	114.03066	121.47151	155.33413
550	2468.2262	4762.20994	35006.0127	15248.47204	2497.27334	2778.17491	48851.42603	239577.12911	40663.43156	768.14511	584.33406	467.44728	447.97079	407.44279	391.20363	391.77157	409.02897	390.64373	392.04323	385.96761	367.03157	397.57586	394.20151	394.95714	390.82846	404.84758	358.80087	346.32929	299.28962	284.66412	244.52921	212.96063	194.71097	175.51531	157.57563	144.40336	134.41713	131.73556	127.08879	109.49304	124.00843	111.51504	140.365
