F1	240	245	250	255	260	265	270	275	280	285	290	295	300	305	310	315	320	325	330	335	340	345	350	355	360	365	370	375	380	385	390	395	400	405	410	415	420	425	430	435	440	445	450
320	5442.21108	5022.64306	5129.47079	6009.61987	6802.68191	7869.00368	9393.03507	10147.93681	10245.74347	12761.23655	17920.38317	8842.62569	3361.05687	2294.02698	1831.34724	41853.28957	311773.08648	236676.20709	14490.22161	505.35317	369.99632	330.09246	294.2184	291.14144	280.20755	249.76052	213.13083	178.49336	162.17607	150.50062	128.05012	108.34034	99.62857	93.99759	82.88459	73.60424	68.31191	59.60751	65.86757	55.65903	50.47376	48.02148	45.88308
322	6592.1221	5546.45723	6126.45653	6625.07543	7625.3674	8489.7867	9923.99822	10735.31805	10981.61625	11362.82433	17705.44938	12184.46811	4138.18117	2694.28446	2066.78044	8655.16468	203880.82065	350664.27555	65694.66027	714.54141	440.36518	348.87048	297.11823	305.09686	278.20742	247.38522	230.51989	197.20178	165.60505	140.99129	136.39169	109.71545	101.64717	92.07169	86.14881	78.33662	70.39181	68.48646	67.81557	56.84445	57.02306	52.33296	50.17412
324	5849.24836	5709.90829	6060.44869	6797.6432	8112.81502	9108.01301	10269.54468	11253.0536	11382.92963	11001.38844	15552.01167	15771.28923	5632.23339	3007.66604	2277.80676	2124.17847	91537.41368	380801.2999	175649.87159	4473.72203	511.02829	356.98671	319.62355	308.72476	291.95962	262.82676	239.15988	200.24891	166.57752	159.96469	130.0158	125.75881	106.34959	89.08008	91.14882	77.62351	76.78054	73.74987	66.91866	54.07383	50.00217	48.59056	48.34022
326	6512.09452	6104.67652	6496.35936	7350.06299	8383.09196	9820.82576	10682.36583	11605.07391	11930.45426	11235.37296	13330.9309	17908.05752	8198.22413	3428.30897	2504.38157	2012.83117	26730.21556	307599.11414	310032.22334	32823.56332	618.81188	425.50666	339.43328	296.02769	299.48251	285.72512	244.32318	210.60752	187.0188	151.11993	137.96041	115.56869	107.69588	105.28272	83.21186	74.27864	70.24198	69.57445	61.50788	56.85084	56.74625	49.41977	49.58372
328	6925.52522	6361.32348	7581.59742	8568.71743	9234.57381	10232.43288	11424.82369	12228.57662	12570.31915	11735.39259	11575.74974	18203.10086	11617.40156	4211.3743	2881.5247	2274.1668	4603.41805	182084.09931	399210.28018	113902.27959	1092.39101	453.24504	367.15755	343.44197	297.45892	292.30672	281.4773	214.99182	190.63804	160.62819	133.41232	117.75515	108.75788	98.58688	92.92259	87.2721	75.2144	62.07694	70.02993	51.7832	58.14886	52.61243	47.7191
330	7692.50467	7504.71361	7879.05839	8517.08869	9860.36828	10822.55911	11867.47834	12606.92175	13164.16658	12297.71805	11095.52949	16349.89248	15409.26958	5593.83163	3328.76786	2544.64884	2277.7156	70701.39751	380978.04387	254385.35275	12014.09074	570.91955	387.94799	333.03385	308.22502	297.24407	271.68429	215.445	191.97545	158.68618	134.5657	125.03268	119.27239	102.98591	91.06601	87.90635	75.51771	71.80368	67.28263	69.10274	60.25966	54.48665	53.63379
332	8103.186	7752.93863	8254.87267	9545.33324	10277.93389	11335.20625	12396.14913	13313.73417	13529.45084	12954.89978	11483.26219	13813.8815	18333.67513	8097.62351	3798.1775	2984.66769	2423.1824	16260.94888	268839.47953	392176.00601	65798.44332	736.59996	446.71192	360.45635	320.89041	309.27577	299.76469	228.2105	185.66179	163.10421	145.8908	128.53799	108.9197	100.01295	92.70521	89.73248	81.45397	72.01435	72.2648	66.73566	56.82065	52.40473	50.15908
334	8514.06656	8379.88397	8825.9637	10283.39183	10489.59097	12106.5897	13299.10822	13926.09849	13993.23268	13336.03095	11932.04963	11963.16484	18803.94813	11875.36821	4555.33772	3362.48741	2701.917	2967.23402	129011.15844	443434.52512	189670.50104	3337.81778	544.93579	381.44107	345.91937	306.88003	319.2327	263.0771	196.4061	169.63052	151.53828	134.36561	114.88432	111.22809	94.70639	82.25052	82.28849	70.83049	68.22849	65.47745	61.08581	54.28593	53.87749
336	8929.47457	9041.00919	9977.93864	10535.99257	11780.37533	12492.03397	13844.08733	14386.93701	14776.48665	14142.30693	12545.61158	11110.86035	17342.75512	15991.11159	6048.46939	3850.55266	3129.73007	2690.04044	39175.46629	369426.22688	366335.34745	30981.19273	678.12176	464.53507	370.01085	318.5251	308.32932	260.1644	212.8434	167.91644	145.99592	134.60338	111.20631	109.1706	100.70513	95.45053	86.45283	70.9584	77.08721	66.15484	62.32045	56.30616	53.85893
338	9763.62865	9254.4069	10874.90275	11586.47145	12096.25979	13216.20543	14121.97794	15016.40554	15217.4611	14578.48612	13284.35073	11406.28785	14908.83874	19332.68171	8575.81569	4475.24602	3591.3803	3039.48713	6665.227	217463.4634	491173.3375	121371.13537	1093.98008	518.85009	387.57668	345.56152	292.35647	287.31497	225.31203	196.67221	161.27173	137.07036	120.69028	113.795	103.79378	89.39542	75.21707	78.56703	68.36407	65.45848	64.30335	56.64049	54.83649
340	10885.21631	10303.17253	11303.39078	12166.85718	12540.8261	13997.43238	14693.63723	15549.1561	15795.44362	15220.147	14064.40059	12048.65681	12876.00688	20280.82812	12542.31336	5364.29634	4230.42438	3516.99864	3227.11367	81601.78741	482537.02121	289965.51603	11910.40388	633.92753	435.30689	377.33341	306.99426	279.36535	236.10556	193.83317	165.31389	139.17802	134.86667	120.73706	100.04168	100.24908	80.77201	82.59672	75.09232	65.04055	62.5663	56.67932	54.81406
342	11573.01256	11303.32019	11796.95811	12512.7928	13446.58055	14350.99852	15466.54249	15765.17555	16645.88557	16045.05742	14800.93243	12857.53898	11851.11943	19087.0836	17318.92735	6984.50448	4931.29851	4084.5928	3515.5921	18294.69241	342999.21783	453222.82187	70360.52147	878.93708	505.44423	390.84894	348.16746	268.15258	253.43174	208.92408	175.13193	142.28981	121.56224	123.06453	108.23187	94.55804	85.62669	77.55523	77.17845	67.81718	61.00889	64.75376	59.94086
344	12617.53334	11611.54595	12635.40357	13580.65662	14571.25563	15105.75855	15759.49598	16815.23678	17145.40976	16698.74479	15710.25421	14004.04442	12406.82964	16800.32112	21306.32454	9625.75294	5869.80987	4921.61493	4072.08054	4164.44852	162596.04173	516235.53668	213188.39158	3762.1119	606.62636	440.28951	369.39529	297.98662	253.45166	217.82086	179.03477	154.32395	132.0442	125.23217	105.17112	101.91819	85.89347	77.42992	78.40262	75.57815	60.46671	61.51702	59.10384
346	13426.53795	12892.96912	13423.91027	14688.55721	15261.42391	16522.10823	16882.36369	17458.28392	17619.27623	17417.02089	16572.65311	14806.09165	13098.11899	14682.39497	23051.19328	14028.46048	7091.62316	5761.81665	4940.70022	4211.26716	46722.3585	429363.17277	408737.06603	38650.33444	808.52466	504.26582	403.79676	284.40829	245.39334	236.9348	197.58904	153.54754	134.83048	123.13959	113.66578	96.23815	87.06994	88.43037	81.2589	65.87148	64.12594	70.26178	58.63635
348	15120.31582	13883.18895	14824.36497	15637.31401	16252.0892	17171.83968	17513.50945	18015.79468	18622.92714	18467.50393	17742.12334	16232.74641	14413.97174	14208.13979	22450.5655	19617.81873	9053.9347	6991.60693	5862.95322	4862.39093	8012.41349	247822.10356	544571.87447	154201.17202	1302.20354	595.97343	443.35586	323.83992	263.94488	245.10834	202.64916	168.94386	147.12002	126.75698	116.67167	105.77551	100.31768	80.51135	91.59834	74.37339	65.64342	63.13952	61.13783
350	15657.30141	15910.76838	15788.91856	16537.3619	17491.93156	18015.72538	18489.53512	19178.75663	19486.22897	19890.05728	18933.76889	17541.99132	15998.43152	14759.19154	20131.08648	24476.38111	12416.34448	8330.92869	7069.01184	5872.86523	5119.44254	89028.10753	529191.0077	360077.02549	15948.81156	730.98297	490.7959	356.84054	271.95462	246.84817	221.14304	175.7588	147.98446	130.20464	115.19003	111.99416	100.31835	87.42654	82.78438	80.13656	70.92795	70.54773	61.58263
352	16705.3565	17527.76908	17395.38399	17851.28576	18708.1367	19312.64493	19666.89303	19849.96122	20714.98942	20742.4143	20233.16102	18715.31592	17423.15983	16097.58782	18170.83393	26822.90006	17421.30052	9970.40429	8327.8605	7125.4147	5829.55224	19403.71449	369314.70209	547291.06463	92726.84599	1069.45526	570.51469	383.7328	299.48558	239.80727	215.80969	192.81337	164.75859	149.05026	123.69481	103.70627	95.21133	94.68866	88.98825	81.25763	69.41029	68.07467	58.07388
354	19072.40173	18393.62773	18896.4428	19306.90457	19804.85653	19502.25733	20779.55412	21384.07111	21773.04189	21961.27359	21257.60968	20227.38969	19157.31453	17805.35102	17712.10913	26947.8157	23376.9648	12359.95267	9892.52037	8434.04739	6971.95623	6121.54247	171512.61501	606795.37411	271336.90484	4686.25243	699.65026	428.79746	332.55187	261.18827	217.01159	206.67555	167.375	139.51512	124.09496	123.60666	103.37034	95.70463	86.37261	81.50808	74.72967	74.70765	73.86957
356	20315.73217	20299.69079	19701.82546	20436.57828	21068.86591	21554.25002	22176.80733	22628.86728	22757.24706	23329.01532	22984.84521	21869.38462	20780.11384	19563.49859	18735.56389	25006.42614	29022.91297	16235.17776	11630.35308	9950.17378	8321.55228	6791.29076	48727.29758	494442.51519	501698.54232	47219.89643	929.28313	503.60916	339.78051	277.82358	241.96103	207.9161	174.85991	143.15927	130.52183	112.09955	98.98572	101.90352	91.44222	82.06694	75.67566	74.02829	66.52538
358	21984.1074	21713.18527	22259.38271	22120.10579	22896.04733	23370.94168	23584.56713	24283.20391	24140.49851	24726.87345	24676.9167	23837.71428	22848.46789	21900.38929	20639.09775	23308.36642	32103.80598	21856.62725	14005.14809	11810.9329	9920.1745	7891.81752	9776.13092	281631.86505	648046.78291	184633.23418	1639.42992	601.05634	388.2838	304.64277	234.0552	226.81805	194.49113	158.93926	134.5792	127.6134	111.16225	105.39102	101.6962	79.24839	75.44611	79.88349	71.01552
360	24570.53354	24859.21701	24297.8797	24276.0075	24328.68437	24662.65565	25176.51636	25336.72325	26091.9908	26261.29985	26262.62162	25824.23251	25117.58039	24230.03072	22971.63919	22964.54855	32535.39979	28345.54523	16821.40358	13871.30431	11706.61332	9430.36669	7510.75802	100730.09877	614104.65661	422132.14534	19704.63951	770.18762	450.26079	327.45856	249.9449	229.2323	212.93144	169.79248	144.70894	124.90907	114.72091	101.75144	93.05479	92.94002	80.57662	74.18975	72.03557
362	26584.40471	26629.7792	27259.82723	26717.20873	26430.86219	26882.20943	26982.88074	27113.57206	27517.48768	28361.20067	28328.64325	28223.23313	27493.11786	26675.67076	25451.59861	24508.88987	31513.76976	34566.76765	21232.15103	16215.32476	13799.11916	11214.27549	8691.37712	22148.36042	426800.78335	632158.38754	111706.64307	1132.81178	533.64769	360.97975	281.28586	228.65894	207.93681	175.88011	144.90101	139.10435	111.4868	112.41423	101.76476	92.85535	80.7311	76.29696	77.84172
364	28551.51021	27962.46984	29472.51798	28517.07704	28786.34661	28861.64978	29012.41746	29112.01481	29546.89283	30340.18362	30656.27417	30238.80721	29860.70429	29610.85756	28459.40245	27091.34515	30310.72212	38819.74795	27295.09238	19116.73568	16146.46043	13272.90438	10395.07404	8334.99312	192440.95887	696877.34526	327895.36107	6320.00062	703.46461	419.75101	319.25554	247.38197	202.96568	189.28663	160.61909	133.61271	123.4338	111.41946	110.71764	99.88201	92.63189	86.82998	72.43796
366	31883.12027	31913.39724	32345.87664	31743.94199	31669.70399	31353.78283	31587.28873	31168.37496	31724.51387	32779.64735	33050.71087	33100.83994	33031.22256	32598.78477	31746.65639	30139.22339	30620.9678	40260.70513	34775.93417	22668.59409	18770.02238	15676.43615	12251.87714	9403.78378	54570.32242	573834.06877	578778.87704	56693.03414	926.43295	500.38355	347.53505	271.03629	214.19306	206.96052	177.57955	139.61476	126.12535	113.42383	109.1827	96.10095	95.82514	85.60496	77.54059
368	34930.86624	34741.28612	35052.75962	34537.79678	34530.47662	33735.48303	33974.77537	33593.17135	33667.02524	34736.4508	35615.44619	35659.73391	35994.43971	35861.68579	35102.6983	33615.43563	32556.4002	39825.40053	41889.88342	27631.65568	21591.09996	18243.78317	14565.22489	11020.97838	12090.05478	334287.53787	722513.65776	204408.71402	1822.58377	598.28018	383.44556	292.55231	236.02259	203.27509	190.45645	161.14951	138.14269	122.93851	116.49646	102.78622	93.90414	92.52057	81.82698
370	36640.37265	39628.77926	37935.49936	37513.56037	37156.67686	36493.58741	36159.92576	36297.02584	37055.67437	37859.44568	38474.35031	38880.4009	39392.49912	39489.62972	38660.99124	37291.31352	36011.10267	39329.48728	47116.47883	34253.17776	24915.09952	21072.42448	16953.61891	13149.67999	10113.34543	121423.1841	679843.67968	447423.95326	22085.25003	798.73634	454.00186	307.98343	241.41373	216.31237	202.35513	180.21736	139.30278	122.85606	119.57892	106.87888	99.04737	93.67229	83.25242
372	42246.67851	42703.99935	41565.30847	41815.69741	39904.62395	39859.2362	39319.15586	38916.11082	39377.03343	40711.90277	41859.07255	42065.76033	42709.52548	43201.6083	42908.61162	41123.01861	39658.66251	40228.85025	49659.99304	42223.15916	29119.25352	24233.45455	19884.99879	15471.79546	11492.2797	28136.04241	472955.49532	644976.70686	113592.61446	1212.9646	561.4953	363.02877	267.8719	221.06404	199.36309	187.92713	145.16366	129.41461	121.79786	112.80675	99.09634	93.2347	85.9725
374	44862.88424	46363.00693	45431.36431	45056.35583	42902.97657	42738.2006	41744.29446	41595.617	42243.00896	43393.39145	44563.36425	45684.6538	47010.92349	47165.79731	46762.11631	45577.64688	43703.49334	42715.11945	49853.41568	49698.00638	34383.33678	27899.91726	23045.18272	18257.74896	13550.98319	10535.56361	219638.41293	697994.01507	310816.31554	6424.74848	711.18022	413.59262	298.60267	235.68274	205.01656	191.11536	156.77996	139.24337	124.72441	117.47564	98.87216	98.12266	91.10832
376	49980.73044	48936.4381	49277.67249	48392.44684	46113.18533	45257.07871	45333.99466	45221.70765	45509.68987	46429.2898	48334.1085	49361.39977	50618.40027	51751.65122	51493.81	49859.70593	48545.51121	46460.922	49953.19878	56093.32994	41236.75597	31567.35216	26522.02204	21253.38857	16120.69378	11880.90974	66316.86749	575121.61591	535043.44466	54223.97069	989.79231	483.51523	341.11638	271.18353	219.66429	197.35159	183.19422	144.57269	133.8468	119.0312	105.94798	105.71145	92.09951
378	51634.06737	52153.3166	54506.96582	52205.29159	50836.86372	49051.77449	48630.15276	48498.47531	48512.79024	49699.78185	51748.08369	53421.28513	55177.99315	56037.51054	55991.7576	54970.85572	53212.59901	51240.78162	51304.13971	59599.767	49434.27506	36386.5393	30215.83263	24507.96593	19097.31595	13842.34687	14854.98914	344262.84018	670225.31012	190913.44366	1897.95207	619.73052	381.39995	285.08166	226.93279	200.193	175.42552	147.32562	134.87991	119.8413	105.25521	104.55695	93.11309
380	55972.89667	57388.57562	57256.42046	55224.12418	53888.95173	53337.00703	51713.52134	51370.0848	52237.38414	53502.07676	55361.49833	57218.81715	59045.61218	60953.88157	60878.29598	60025.26302	58252.23664	55752.33504	54305.79749	60972.36793	57950.13052	41911.52155	34217.46741	28201.94838	22184.61896	16329.55989	11809.95983	136558.05931	649300.8646	410653.53245	19672.45171	805.57923	458.9371	323.20655	246.68361	203.74355	192.48872	174.97116	147.35501	123.41252	120.309	110.6839	99.6759
382	59720.83244	61696.85995	62315.32995	60327.3215	57856.05207	56183.17189	54897.86204	54598.20105	54512.20007	56850.73587	58703.14225	60816.35854	63332.11935	65312.5356	65569.55858	65040.14865	62833.9986	60664.8373	58087.55064	61786.11216	65118.16075	48581.21571	38568.41074	32004.85692	25481.3028	18981.97014	13268.276	36119.81218	487024.32643	587570.98471	100646.44543	1177.0779	544.75633	355.86814	245.84294	208.51489	192.77951	176.3045	150.12658	133.50775	110.20884	117.41977	99.50157
384	64188.24705	65820.88698	65620.84435	64234.64754	62843.45562	59898.64215	58609.00971	58306.74683	58680.11521	60200.30024	62474.79394	64606.07074	67736.86039	69677.82306	70352.63899	69952.65357	67939.24574	65727.54789	62722.00832	62723.39889	69668.69661	56556.527	43128.75473	36158.66294	29076.13798	21770.29389	15547.23825	11857.21762	251909.35764	659282.22495	295272.45907	4690.74784	706.54226	417.36443	280.24197	222.64182	188.27414	181.69929	157.70618	142.75162	116.0751	119.80197	109.63671
386	67944.1712	69748.65645	70022.14539	68370.78781	64662.23136	63443.84445	62073.83011	61210.18753	61280.91954	63214.59912	65608.67731	68249.58648	71579.90423	74223.93427	75597.8577	74751.42237	72769.82315	70518.51045	67628.54297	65288.50926	71984.96557	65313.77744	48586.4427	40139.24425	32823.2568	25186.23717	18097.28925	12542.37687	86349.94387	578286.32022	523679.96144	39389.22994	948.94218	496.97018	320.3603	247.72743	200.25918	190.14057	186.76067	149.76023	131.3824	126.40422	117.12403
388	72798.37602	73847.72561	74828.11414	71792.40888	68642.48515	65993.87135	64584.26943	63650.98195	64851.08197	65721.88785	68566.3353	72190.64512	75517.63474	78281.72621	79709.44313	79601.53081	78116.50228	75409.14368	72194.04898	69386.00007	72809.75118	73090.01987	55018.72539	44603.94155	36957.47215	28795.63223	20749.31827	14474.40884	20020.89328	379060.87999	666201.27557	151009.04322	1510.00673	604.51472	362.21304	269.26567	208.13565	192.00919	178.97453	161.16225	139.08092	127.92825	115.1602
390	75351.16704	77426.67303	78140.04925	75820.12609	72342.14508	69801.21664	68024.15645	66636.23124	67519.00454	69961.34773	72529.31499	75660.75986	79444.88147	82664.90254	84580.29126	84698.46547	83149.88139	81045.49294	77917.78553	74173.31638	73848.05868	78700.23903	63021.81234	49505.00268	41180.32189	32597.08705	24036.97544	16754.83887	11847.52896	162028.7402	644553.70192	349171.00468	13809.73595	786.41705	429.48441	289.57058	231.28132	196.25522	193.62181	171.37929	143.10123	135.08016	119.54947
392	79929.75727	82146.45072	80719.46328	80392.17475	76260.58457	73620.96992	71792.23915	70305.13521	70663.23823	72382.10856	75697.78618	79147.33183	83055.29957	87295.36113	89460.51748	89770.67729	88475.82322	86267.33601	82987.16405	79307.41708	76542.44291	81912.57849	72461.43649	55297.82152	45823.85167	36676.46769	27601.0826	19322.10014	13342.841	43286.53969	487309.25429	535368.61772	82779.82369	1118.04616	547.75515	351.78667	254.9516	207.83318	185.04759	185.90884	150.40675	134.5269	129.87519
394	84679.5865	85419.21297	86820.87429	83866.76163	79458.23094	77197.57611	75053.18198	73451.09083	72975.19106	75634.60968	79058.72064	82925.78156	87567.87457	91458.21856	94291.9947	94963.92556	94213.01436	91871.56437	88613.43976	85007.88611	80759.52128	83418.06134	81028.17544	62156.51625	50786.88757	41174.16951	31396.89125	22379.82187	15331.17798	12269.21353	255214.50464	609996.53184	243683.99133	3337.80575	680.29273	392.14361	281.75792	231.96193	199.46736	190.67921	166.76914	137.44627	122.70659
396	87790.54712	91105.35956	91357.88603	88041.52576	84141.14912	81336.31111	78795.12428	77570.30143	76949.05108	79043.96926	82312.84058	85920.8384	91533.72303	95994.80436	99204.82453	100208.03344	99036.36005	97337.54411	94384.32773	90769.66426	85840.39642	85166.2132	87926.00128	70848.10273	56253.6569	45964.35084	35279.39433	25730.37818	17722.33094	12511.62694	83275.55445	534715.82629	453683.16046	34619.63629	927.15208	475.52828	311.64618	240.54832	217.79067	185.16749	173.94367	158.09345	130.8593
398	90743.68701	95617.10131	93307.54419	90455.73477	87599.98285	83331.06161	80986.45405	80224.14253	79995.45453	82143.98141	85628.07855	90070.16618	95375.47312	99932.43243	103649.42696	105493.59966	104879.52741	103170.30832	100396.27992	96503.1957	91555.82923	87724.33494	92083.63341	80136.36904	62255.44014	50698.56044	39654.62485	29096.38605	20399.57278	14224.62271	18746.5248	347905.84153	579376.50169	140360.2551	1423.16817	598.21884	352.87136	267.98568	230.23673	194.63604	182.81105	163.08258	139.70741
400	95002.16213	97987.23842	98970.11254	96036.18674	91782.44953	87710.49034	84573.97994	82918.25323	83527.36209	85515.31614	89260.6632	94062.16874	99102.6709	104560.40455	108961.62445	110517.2558	110329.57348	108724.43141	106551.16159	102410.24177	97226.45145	92245.93434	94609.7606	89434.36621	69702.8787	56092.75091	44054.55471	32779.66853	23354.14008	16226.50418	11503.95278	143809.58241	574273.97914	334258.42614	11672.26453	783.72246	418.59118	290.32856	241.31566	206.20184	193.28192	166.49484	150.71343
402	98811.31375	100151.55694	101018.75224	99073.34143	95894.59146	92012.52571	88709.98718	86682.56371	86030.30221	88701.75815	92726.36428	97485.37669	102912.18131	108985.43118	113743.96252	115765.12579	116488.70436	114686.35451	112393.69987	108542.38837	103914.72636	97666.98204	96659.78245	97155.6293	78081.41118	61719.92875	48853.10186	36829.69037	26519.74968	18728.57819	13012.99247	35279.39801	431882.95417	523702.30927	76014.11396	1086.76947	528.89129	328.08196	254.2463	203.26143	193.27035	172.62042	161.62401
404	100840.70915	106930.31315	108122.60801	103518.65125	100055.47385	94888.50844	91481.0488	89995.17522	89079.5357	91472.37136	95201.54594	99956.07438	107082.65099	113174.20917	117904.94254	121048.45413	121949.4822	120956.3738	118796.43736	115102.07212	109870.67501	104041.87935	99444.61979	102329.74067	87543.9707	67777.80718	53747.45722	41085.15628	29960.32472	21283.92007	14830.41555	10971.61454	216819.92763	582464.20339	232727.52445	3243.18686	657.56458	402.55014	289.40904	216.03271	191.67471	181.1945	171.53712
406	106069.82256	109093.19988	110627.51027	106856.14019	104345.61957	99135.86314	95524.32752	92827.79048	92012.97023	94477.81668	99141.59449	104025.42855	110015.36756	117550.97423	122912.58095	126335.82204	127624.84019	127152.83163	124902.55388	121467.40594	116308.49657	110004.30048	103796.81424	105361.65922	97517.22424	75111.26159	59003.62261	45555.05977	33718.56111	24100.9918	16839.7773	11728.34811	66025.23114	505943.68529	430529.92928	35298.243	899.62062	488.98355	315.24006	234.47349	202.95829	194.26464	183.86382
408	109943.87302	111841.16686	113396.559	113105.83458	107240.79784	102828.53472	98431.90583	95941.36369	95278.91844	98161.36797	101638.64125	106355.82242	113960.83449	121296.63377	127374.58176	131497.71232	133701.39232	133237.30485	131477.03342	127815.76219	122669.73177	116742.747	109739.67257	107645.29539	105907.68237	83377.32866	64649.29666	50207.43082	37395.38358	27131.85188	19219.06721	13276.89301	14051.22281	318360.95551	553968.62113	146170.80862	1398.41448	600.46969	377.18392	267.49636	214.98363	196.6064	179.8426
410	113818.3354	116486.46949	117587.15567	116174.98123	111938.24324	106923.10595	101535.3315	99362.76224	97910.33634	100524.76272	104558.84137	109547.0887	117278.01394	125249.98528	131536.83284	136017.0866	138819.39254	139124.16292	138046.57579	134414.78422	129299.72785	123098.45795	115790.38011	110685.56326	112087.51899	92684.01406	70815.88584	54854.70465	41195.27719	30511.09753	21676.90166	14970.37896	10607.40138	126323.05285	541611.66923	335388.29542	12076.48287	773.55768	444.37082	299.89854	233.3812	206.2752	174.92786
412	113830.24998	120913.2218	121161.20264	119126.80423	115440.98606	109985.73076	105241.38943	101408.44159	101002.17705	103967.8859	107181.45735	112909.18993	120241.61872	128885.43913	135677.78793	140578.92045	143880.35051	144716.8191	144029.84529	140721.2115	135526.84254	129010.97441	121624.44102	114915.03817	114842.87264	102709.3588	77021.9991	59569.76747	45300.29366	33803.74428	24507.06369	17084.97579	11818.853	29735.56938	404414.39632	498606.43507	74844.43514	1116.03894	534.71682	350.22159	252.92296	215.73651	178.28956
414	118349.98189	123569.88262	125845.30394	123706.11427	118542.83155	113582.56454	108650.02408	104461.63594	103868.37111	105764.37869	109845.27198	115018.80321	123093.37939	131747.0785	139896.6416	145368.82354	148772.53297	150376.81458	149736.80865	146731.10584	141779.38852	135803.02086	128509.42209	120136.31977	117731.75019	110779.83439	84765.6008	64829.36474	49509.19963	37138.21984	27092.89929	19214.89286	13232.18302	9683.48816	200431.01302	552170.55878	227377.76092	3722.73905	675.70167	409.36992	291.22382	226.10543	190.8849
416	121739.30099	127901.0371	128495.28905	125442.29121	122161.41959	117119.36761	110803.8299	107962.23729	106015.07212	108241.05316	112890.47745	117913.39042	125770.81338	134315.79935	143045.46732	149634.0692	153659.29288	155743.20673	155450.4532	152943.20347	148008.68288	141593.62528	133707.97607	125977.64	120466.48394	116932.84928	93024.85764	69929.68246	53890.26594	40709.89492	30204.50672	21523.45596	14953.79311	10398.03172	60946.68507	474290.13452	414268.84737	37039.49693	919.04383	464.65722	313.74768	246.85467	206.52346
418	122692.30512	129742.36628	131591.44521	129494.27327	125339.30486	119927.5345	115452.84706	110218.18765	108085.90881	111245.75399	114963.18068	120441.14732	128744.04014	137826.41471	146704.43484	153870.91405	158189.35753	160828.41673	161219.94956	158786.90799	154234.10435	147716.46524	140228.98492	132144.87665	123965.36356	121040.19699	101985.17762	75522.77749	58128.68462	44431.93913	33205.25316	23845.91404	16919.60704	11664.46296	12182.82481	294363.4196	527061.19577	148001.62268	1456.54748	598.98116	369.0612	273.06856	209.99324
420	126924.81804	133847.57704	134038.73145	132651.87703	128894.91664	122823.63113	117141.27457	113443.70538	110675.15347	112918.27359	116554.2623	122167.14329	131045.09883	140405.33733	150174.95073	157569.17577	162766.67652	165950.71064	166813.32164	164736.58326	160457.80081	153909.38177	146002.14129	138128.45334	128897.82674	123374.59005	109872.42138	82216.5354	62393.73268	48072.95072	36135.17088	26414.08284	18887.2714	13002.70576	9167.59658	113623.98607	510672.69743	333033.532	14147.13385	783.44883	440.70183	303.54666	227.17989
422	128302.03966	134528.21135	136238.73266	135079.78329	131946.55466	125453.95338	119065.09254	116208.36832	113363.03167	114184.1962	118901.80894	124300.34181	132979.06687	143258.17857	152999.45933	161380.8448	167705.09792	170980.86955	172035.19	170079.57905	166183.43393	159584.71072	151762.65106	143483.49628	133914.07629	125352.59168	115931.07591	89473.09769	67038.06801	51762.93786	39286.19353	29055.66271	21049.48402	14585.33539	10082.55271	25948.92389	376025.59323	484062.35063	80178.01269	1094.39551	555.36546	347.07935	262.9013
424	129729.66546	137345.98823	139759.15364	137858.70333	135492.71168	128787.56049	122878.44446	118035.89667	115328.83624	116403.40083	120834.16346	126565.33686	134944.76242	145534.97934	155693.37805	164582.55195	171264.26885	175336.90274	177050.84287	175512.63386	171833.39004	165654.21122	157126.25611	148891.68797	139527.61516	128126.04952	120056.88527	97212.80705	71758.26452	55297.9623	42536.18596	31705.6813	23233.46292	16255.37714	11323.22673	8324.13528	182362.58824	531016.12316	234896.09112	4108.38626	687.0292	415.31769	284.86265
426	132783.25145	137159.48179	142518.13009	139978.63807	136440.67504	131617.94809	124268.44854	119813.03074	116817.88023	118157.17997	122107.36052	128118.61317	137193.73523	147225.80079	158426.29675	167556.5152	175362.50386	179890.05773	181700.45181	180485.48712	176781.84031	170825.40462	162815.62575	154426.81724	145028.84534	132088.02341	122074.31072	104357.12557	77050.36645	58964.64817	45629.08656	34281.96347	25370.72268	18023.68019	12610.32068	8863.95417	55494.44883	449750.95143	413142.84994	37483.77118	939.94932	497.99627	323.36724
428	134523.1002	139041.80039	143240.66776	142711.88478	139036.28688	133492.40123	127204.92031	121998.19361	118893.34576	119821.36659	124058.15606	129835.59259	138944.85895	149425.66465	160864.86744	170533.88449	178561.0707	183562.86927	186519.88525	186035.31801	182100.39806	175819.60495	167590.3298	159581.28105	149752.66189	136772.05847	123515.81628	109864.26528	83364.94092	62970.70548	48807.82852	37007.38188	27700.67634	20100.16545	14019.66177	9864.47111	11120.66241	274574.50694	516014.01843	144494.60379	1518.42711	632.79709	389.16825
430	137205.43225	142697.05505	145107.22041	144979.49058	141346.42064	136254.0782	129580.85262	124372.70331	119774.70076	121221.59319	125092.22337	131238.08224	140210.29346	150621.84958	162690.66698	173294.007	182052.37446	187251.81832	190300.5374	190220.65402	186440.75442	180718.97121	173009.80557	164457.12027	154427.34341	141104.72276	125538.21742	113411.05554	89531.55748	66707.29298	51678.17304	39756.38635	30052.74601	21943.56443	15702.04643	10980.73186	8032.41548	106131.84066	499072.57654	320564.49945	14159.99445	792.4152	450.74744
432	139867.76983	146162.41793	147382.34021	146026.8441	141378.87254	136498.68424	130604.46665	125706.82577	122825.16838	121967.5608	126639.64229	132641.84508	140973.12821	153085.28499	164646.44261	175498.00837	184344.1011	191246.89892	194554.65353	193944.35559	191449.92042	185352.69317	177441.76992	168969.58017	159044.4038	145992.10198	128535.47926	115280.68092	95869.22893	71138.20528	54775.08056	42328.46575	32291.68529	23900.79667	17270.6285	12225.39522	8812.52561	24488.69482	368505.68404	462408.59645	76160.12076	1137.89429	543.61093
434	138482.64339	147635.08324	148378.53848	147735.04764	145247.89567	140135.85061	133396.68075	127907.92084	123406.29861	123293.4663	126681.61035	133083.61896	142284.45592	154088.41311	166117.171	177531.38387	187101.18056	194008.79713	197872.38123	198246.89392	195316.67689	189736.79789	181486.6202	173159.71118	163392.66549	149934.53159	131903.5908	116774.74796	100753.6164	75681.51116	57831.59694	45059.40214	34633.32117	25865.75904	19074.78027	13517.82506	9738.18912	7653.03656	188813.46415	511292.09512	210954.06784	3971.10575	696.85984
436	139591.14321	146663.55898	149954.56641	150041.6787	146103.97891	140696.72596	134620.35002	128294.86937	124631.78995	124494.17935	128580.82063	134036.87744	142822.23866	154246.03364	167368.2968	179388.4636	189080.14364	196959.93671	201021.45807	201517.50831	199350.42602	193330.11851	185109.81321	176618.70908	167389.87076	154058.72695	135438.05977	117762.54106	104010.7683	81199.92778	61111.48908	47611.21783	37058.51855	27844.17486	20697.7543	14975.49066	10753.76893	8053.47787	61145.0408	443951.69988	369172.33324	32997.14333	901.55527
438	140404.96151	148481.40005	149440.95601	150951.11898	146833.3328	141318.68117	136013.95101	129392.48431	125465.43241	126495.56026	128229.14508	134651.03345	143903.83848	156264.33653	168197.38543	180665.97505	190765.15893	199433.72974	204045.84468	205088.41157	201868.93886	196766.73742	189552.22645	180606.29674	171043.99671	157578.6599	139108.09466	119314.58286	105718.64589	86168.2626	64453.28473	50009.73966	39154.78998	29946.48937	22446.9047	16462.23913	11958.34993	8738.4138	12672.79515	293236.12727	471795.26864	122620.93429	1344.97322
440	138652.53528	146739.8215	148706.66412	152639.24081	148543.11697	142909.71983	136535.6088	131006.72616	126612.62997	126880.79251	129601.46039	135020.15005	144290.44189	156421.54501	169440.94032	182193.17155	192874.26587	201086.20868	206706.65324	207991.8017	205494.8382	199797.34479	192529.19861	184093.15956	174322.99592	160955.69565	142017.36678	121374.24619	106719.60117	90606.44268	68323.52578	52750.45826	41318.31992	32000.9553	24154.69221	17950.55014	13084.13432	9772.59657	7449.7928	126969.13506	472049.58197	273614.35681	9195.52068
442	139393.03633	146803.08279	153388.53284	152289.18664	150208.6501	145734.24515	137335.39216	131199.89567	127488.99408	127080.31133	130133.85562	134910.56793	144506.48065	156663.68085	170403.50955	183075.72772	194499.61075	203091.64834	209037.58631	209852.22608	208389.81937	203224.8636	195465.89144	187013.89972	177527.71778	164364.70187	145599.52176	124120.81234	106995.86255	93943.21767	72585.34527	55342.05394	43579.49229	34011.82188	25870.0087	19653.23894	14579.87776	10631.56282	8060.145	32774.93799	366482.16442	412685.19229	54325.89657
444	139548.86042	148901.04555	152216.25022	151891.20712	150088.82889	144256.58151	138091.06153	131989.23023	127658.71817	127218.52466	130153.78083	135744.50824	144720.72945	156555.83748	169832.60821	183358.04097	195256.07413	204997.85698	210275.14548	212252.6101	210823.11871	205724.38494	197856.9259	189618.00589	180175.50928	166767.77743	148455.88993	126651.99281	107525.09097	95663.94433	77218.17117	57912.02918	45725.88513	35847.21765	27671.31639	21178.05433	15825.07378	11814.42905	8842.1567	7892.37319	202080.77199	475053.11396	170364.60163
446	139293.3539	148654.17793	153778.07397	152377.87705	151897.00503	145508.59414	139049.13022	132213.60213	128144.0701	128012.51518	130154.98182	135624.88572	144623.37056	156694.49964	169872.56988	183818.11817	196014.22815	205443.50457	211774.84039	213914.3467	212534.29006	208038.76478	200063.02892	192085.61287	182513.17541	169407.36126	150612.68673	128907.71482	109151.92019	96140.75898	81034.75165	61215.06767	47969.56962	37914.05182	29541.78421	22751.58494	17264.31995	13060.47042	9692.06867	7465.44885	67510.00905	430228.20136	332504.0122
448	139177.2904	147689.7137	152889.50613	155055.91504	151757.30495	145125.51507	139607.3315	132734.09814	129120.54241	128714.37085	129996.79221	135582.65493	144391.72758	155874.15532	170247.84205	183796.32938	196167.32647	206366.62121	212761.67227	215095.21428	214131.22595	209666.12049	202440.22466	193620.16859	184755.8368	172040.65826	153030.02811	131553.36787	110987.87567	96195.89338	84152.90782	64659.57189	50206.22263	39930.48182	31414.65662	24244.24426	18747.70129	14202.25419	10772.24833	8117.95577	13709.39744	295270.88635	443136.33921
450	141740.39805	148230.23857	152960.16605	152884.61534	152121.08644	145756.72713	138930.1682	133104.65834	129174.33498	128199.51166	130331.99169	134839.91787	144035.23111	156348.14741	169333.58697	183150.59807	196244.48802	206602.65765	213381.86812	216317.33625	214987.16317	210718.55117	203726.60231	195581.48135	186252.90903	173812.02286	154808.06871	133701.0968	112838.26058	96325.29492	85898.24501	68513.39876	52456.13359	41624.15006	33005.70915	25917.79762	20170.00264	15518.51831	11762.02982	8883.63711	7021.12011	130183.16893	449911.08473
452	137907.03147	146867.76962	152529.71393	151528.05293	149865.3038	146516.86872	140294.17904	134054.20807	128790.32253	127822.46103	129547.39996	134518.35015	143507.77884	154743.23901	168972.9183	182935.86533	195607.63138	206096.86173	212838.24958	216605.27141	216182.7126	211147.89777	204628.49317	196987.09954	187818.82045	175109.75072	156975.68184	135516.67311	114819.66113	97123.63324	86427.55683	71856.23913	55271.57036	43523.12027	34701.45483	27547.4065	21702.5115	16767.78979	12923.07971	9722.2202	7516.76237	34099.52453	348440.69626
454	135062.7938	143898.90286	150910.66301	150268.28101	151465.32313	144917.39101	139953.85217	133926.78277	128532.44221	127836.20146	129237.35903	134144.53818	142709.58634	154214.41245	168538.94014	181913.11085	194750.88413	205659.40227	213101.84005	216423.76997	216206.02185	212113.298	205319.29639	197135.72353	189008.06239	176481.12864	157501.19158	136753.46952	116205.29265	98394.48267	86254.02834	74794.04744	58032.55432	45417.18501	36457.16622	29122.33607	23099.33058	18035.60099	13915.33082	10686.88126	8179.51582	7214.93585	182815.09166
456	134643.78454	144556.10368	150119.47405	151021.16567	147869.93902	143834.75223	139889.921	133546.62004	128905.54584	127323.23142	129080.7343	133077.4325	141218.92595	152420.80884	166692.53411	181028.57959	193539.08866	204893.05624	212282.96157	215945.45695	215913.86434	212175.89131	205424.553	197886.25447	189492.99514	177325.58261	158994.79748	138087.05263	117830.11979	99699.84308	85940.5594	76349.61029	60999.3183	47322.42088	38181.42691	30657.02338	24467.66737	19376.23301	15195.84419	11652.33732	8983.2714	6891.20034	56984.46516
458	134059.70636	142689.76416	147766.13814	150500.10463	147867.45677	144746.94368	138942.89032	132930.22246	127464.22572	126654.85024	127883.91267	132181.80494	140189.65806	150758.92478	164961.30906	179417.69229	192199.35725	203262.12532	210683.7153	215272.32788	215050.26187	211139.03604	205399.27614	198106.35643	189676.03078	177900.71322	159835.47541	139144.35489	118681.58894	100741.06459	86455.89405	77073.42557	64230.79636	49411.67977	39698.44908	32114.81521	25901.09896	20677.89138	16362.74221	12692.25429	9727.44833	7483.67786	11240.98664
460	133344.65867	141776.19187	145318.95355	147368.36485	148232.185	144372.29279	138020.36882	132086.33485	127195.33677	126625.87768	126965.03048	130666.95905	138970.81978	150212.03767	163306.3219	177459.10817	189772.40016	201569.83921	209987.59229	213302.97586	213828.58399	210613.51593	204825.68411	197472.09658	189620.40437	177918.67593	160669.08679	140038.94461	119872.05255	101998.64843	87056.82857	76675.91733	66774.91224	51754.26893	41281.61082	33549.55788	27280.6373	22060.95764	17590.55782	13699.29572	10668.24659	8151.4648	6455.79389
462	131023.54199	143301.92555	145233.02088	147185.0152	145838.6087	142888.73706	137522.2287	131564.47124	127003.88745	125267.12544	126122.86807	129924.50089	136973.16662	148326.53316	161566.79799	174960.6	188027.42322	199532.65324	206942.03579	212096.28614	212303.47305	209193.14569	203622.56302	196587.01805	189046.52801	177795.14318	160532.5019	140444.6284	120461.80371	102893.74626	87635.94367	76202.80223	68102.06048	54429.05836	42889.73022	34876.60522	28659.47992	23172.96438	18636.39677	14787.85984	11521.6382	8908.97246	6923.31759
464	131956.81759	138565.37053	143649.92986	145959.71156	145152.80943	142814.89202	137296.39602	130999.75984	125926.21545	123747.79816	124477.68322	128556.06574	135864.70694	146010.14828	159296.98286	172518.19778	186132.29274	196974.10775	205176.63475	210211.96698	210457.65535	207687.4584	202644.77158	195905.49496	188680.2619	177390.17661	160656.65394	140431.9936	121265.09555	103717.3765	88375.23432	76192.44613	68736.7114	56973.67843	44432.01324	36450.42401	29749.48953	24564.869	19860.57067	15783.46944	12460.42961	9698.40959	7500.89556
466	130173.82043	135990.51621	142138.37416	144104.06937	144318.51562	140503.98108	136230.41472	129517.171	124977.35018	122611.22666	123668.04391	126944.98402	133903.85754	144195.88643	156516.11511	170500.18782	183003.68906	193980.20937	202814.97781	207223.44499	208280.17947	205789.46453	200623.05653	194959.03539	187394.94281	176703.42434	160021.82105	140839.64762	121550.11689	104502.07013	89195.36292	76326.25753	68450.04957	59207.84483	46486.99982	37685.37926	31162.24371	25713.20556	20981.0054	16901.02817	13438.47712	10565.73508	8182.95125
468	128364.43	136165.38699	140691.71724	143670.41524	141453.84246	139858.11645	135951.97412	128941.25797	124396.15598	121824.61136	122593.9028	125012.03608	131607.73957	141496.8431	154824.2912	167350.90915	180129.77264	191048.9591	199389.36748	203982.94835	205562.1544	203101.6335	199114.18016	193175.87361	186668.4828	176137.10799	160189.76441	140372.5736	121616.32454	104755.87445	89982.26493	76952.488	68012.88428	60851.24932	48497.25213	38940.94913	32230.03102	26904.16194	21968.9289	17809.67699	14368.39245	11328.42663	8822.15841
470	129311.21583	132513.32681	138180.99653	141472.04923	139811.71199	138746.04426	133832.88164	127177.39186	122166.22651	120061.68558	119815.67394	123093.27237	129709.76536	139301.70146	151280.47595	164377.74321	176455.29246	187191.83549	196287.61071	200911.28895	202223.58151	200228.19441	196406.21357	190243.96079	184011.57941	174114.18538	159036.16853	139730.02035	121340.92708	104865.43491	90318.65107	77405.25307	67697.63197	61323.19268	50646.64808	40233.41467	33324.29049	27702.24278	23004.15432	18767.43951	15291.28368	12085.12741	9487.45823
472	137116.88524	129702.86252	134985.50843	139088.5605	138886.26671	135337.46062	131386.3027	125559.01351	120653.68744	119402.35727	118560.28827	120699.84348	126244.21147	136110.37036	147593.77704	160672.2578	172463.27469	183061.32441	191636.89088	196331.54875	198168.28698	196566.90835	192572.56083	187781.14309	181639.06295	172504.5676	157022.16469	138656.77054	120467.85093	104422.68658	90047.55652	77423.58848	67275.56581	61108.3664	52420.05979	41624.37589	34267.81898	28761.18123	23966.2772	19701.30467	16095.24174	12922.18316	10143.29477
474	142112.22996	127056.85707	132938.58395	135664.0645	134886.87144	132955.42759	128434.24664	123520.48699	118553.46732	116762.80058	115758.95954	117997.12715	123330.07665	132257.48853	143988.74566	155530.17345	167945.29689	178676.33476	186872.56871	191416.84536	193542.62408	192417.18189	189035.95642	184005.94136	178858.44902	169848.14405	155106.3648	137151.95853	119735.45858	103716.6864	89977.92275	77632.37592	66935.57669	60123.90511	53710.29525	43055.97914	35036.04527	29487.53354	24723.1924	20452.5959	16834.20794	13579.91124	10864.70197
476	148598.93996	122951.84439	127619.35448	131016.19093	131909.41447	130588.35738	126660.98685	121503.7962	116760.5645	113549.07223	113082.97674	116005.91323	120544.84828	129227.38033	139936.42131	151913.71197	163371.95305	173639.13362	181387.35573	186712.83011	189028.19604	187726.08432	184836.17689	180152.21842	175445.76245	167077.52151	152956.5436	135413.15567	118306.15857	102993.92406	89455.83334	77297.96814	66988.64944	59213.63108	53905.68273	44573.03381	35909.86421	30244.16419	25269.87889	21191.61821	17431.09541	14210.50922	11500.80284
478	155959.75231	123394.16929	125220.33707	129293.63993	129529.55381	127886.18057	123462.26051	117915.79354	114956.66195	112114.6764	110949.69525	112804.92971	116957.01041	125787.13086	136398.9511	147623.29884	158337.25383	169120.719	176759.8087	181533.92201	184174.99591	183337.95607	180293.01343	176749.69405	172418.84631	164102.43393	150517.08769	133775.50825	117243.65583	102427.41731	89193.76266	77161.22397	66918.59444	58587.9117	53698.22993	45989.87654	37087.31884	30991.38958	26081.44558	21854.04184	18175.81666	14949.74705	12133.29464
480	152645.69896	127907.4883	123069.5471	126220.43889	127761.0417	125809.89094	121476.12211	117507.17336	111687.94204	110709.48551	108660.24317	110080.03345	114865.05732	122548.54155	132259.63186	143904.94692	154653.28849	164012.15142	171687.46874	176828.75039	179722.8187	179072.02884	176756.87374	172875.88655	169341.86213	161507.4169	148129.15807	131769.84935	116099.40358	101282.76532	88431.75211	76660.87197	67072.65002	58061.82362	52946.64541	47135.40155	38195.41631	31527.10706	26749.24749	22496.02015	18785.65747	15656.21446	12750.48119
482	149228.73999	134048.03056	119519.26373	122994.69612	125370.67861	123097.41889	119300.42729	115032.80934	110616.49985	107170.89347	106681.03965	107891.74904	112549.71442	118927.43175	128627.27383	139731.71386	149845.9165	159459.49932	167242.52784	172369.85513	174931.6167	174863.77172	173050.84338	169738.10135	165728.11012	158419.93736	146195.17919	130038.74948	114637.37657	100456.51942	87773.07113	76704.7741	66857.40074	58211.53745	52158.76343	47901.31124	39401.52987	32200.92831	27330.56884	23146.60194	19469.71198	16210.50895	13297.50188
484	138251.41333	140289.59728	118183.89209	121630.89477	121811.79237	120984.37197	118236.94848	113732.67574	108088.71467	106030.59091	104434.90984	106036.54077	109108.34314	116150.65026	125585.86244	135690.25901	145899.54021	155231.56545	162902.14509	167901.34835	170656.92303	170472.1774	169239.02405	166152.63982	162855.18935	156021.49866	143761.03009	128721.42626	113205.48081	99725.60111	87394.32647	76318.46987	66808.51314	58346.47494	51413.3002	47638.99729	40679.58262	33024.08646	27879.85543	23745.89328	19998.81097	16779.92123	13852.38505
486	124232.68672	149952.75548	116066.45485	118227.00866	118372.31727	118136.34965	115986.645	111422.05061	106361.81122	104242.88089	102547.55428	103242.43075	106761.4403	113434.56676	121985.67899	132290.88229	141711.93297	150671.87449	158089.411	163046.24732	165740.18688	166236.8371	164982.13685	162498.082	159502.20739	153141.19919	141082.33709	126990.73477	111814.86777	98611.78135	86891.9227	75816.78622	66455.85575	58282.6473	51180.51194	47237.9561	41644.15534	33961.6463	28467.04061	24202.78082	20506.02049	17257.31396	14464.91934
488	114250.19881	156907.39411	115142.92581	116015.29651	118273.56657	115674.05882	113466.19182	109039.483	104688.3917	101863.01328	100596.69721	100386.16022	104431.78811	110131.88559	118560.15558	128062.69259	137776.14468	146729.79492	153519.83998	158581.08086	161547.50248	162080.79369	160826.97998	159174.33525	156265.33787	150480.64503	139217.90737	124835.96031	110453.04364	97439.49481	85716.05023	75460.55358	66305.82237	58032.53409	51004.7626	46420.60237	42222.55635	34995.20058	28962.54514	24696.42693	21063.02668	17877.90253	14864.21965
490	105315.40041	159039.37099	119897.19191	113063.26866	115332.15453	113487.37667	111251.19136	107165.49198	102801.46975	100108.67204	97885.08292	98875.83855	101862.18659	107555.6425	115722.36071	124467.96041	133527.04116	142006.92318	149495.27528	154154.4167	157367.39751	157827.82725	156943.53831	155414.3966	153271.28426	147374.11936	136851.04228	123017.60731	108747.81458	96444.95677	85339.61182	74871.85487	66058.42469	58215.76458	50886.56286	45554.39408	42334.73609	36084.74461	29389.758	25122.73668	21506.18506	18375.13751	15363.40044
492	96670.98731	152635.81663	128153.27308	110701.10501	112361.2244	111002.70847	108801.50002	104733.20926	100399.52462	98214.71444	96284.21309	96177.84729	99334.19969	105296.73225	112408.41674	121312.77283	129712.00796	137762.95877	144900.18543	149708.37034	153227.14097	153754.25955	153372.09191	152135.00427	150009.2475	144511.83655	134089.35606	120974.42392	107418.08224	94904.87059	84032.3501	74154.90352	65561.08945	57604.91199	50840.6419	45179.55623	42016.44911	36812.41032	30055.85269	25389.34326	21919.91249	18788.34525	15905.96312
494	92589.88522	142330.81737	136309.33317	109183.2869	110118.32623	109355.09634	107335.27778	103571.82783	98574.81357	95614.8756	94573.27741	94218.3844	96569.30649	101550.33397	109071.72269	117952.21637	126256.64065	134205.81463	140835.49046	146024.15336	149026.76337	150057.77931	149614.63238	148475.23529	146776.21438	141613.32523	131905.31054	119118.30509	105757.71804	94109.19193	83295.43875	73459.58265	65031.15801	57434.74002	50611.91005	44673.47716	41292.17549	37391.10006	30763.22234	25693.05219	22138.24775	19068.71351	16248.6687
496	90322.11032	127851.31749	149051.56159	105751.23597	107345.64466	107197.4745	104867.30652	100764.97854	96726.36373	94125.82547	91769.66064	92148.72343	94450.11357	99377.09551	106252.43709	114621.94428	122426.26489	130133.31688	136622.19985	141594.14073	144613.44874	146078.72977	145537.86239	144887.26864	143369.23809	138946.89837	129234.26556	116977.42525	104155.33268	92399.61467	82215.1364	72846.10138	64892.10087	57204.01319	50475.78294	44673.53165	40644.4427	37638.05508	31549.25223	26150.30606	22516.52495	19342.5612	16591.97478
498	87787.70281	115390.104	158248.29941	106102.63393	104374.20617	104058.52072	102460.53119	98900.5893	94979.87036	91964.72547	90036.61893	89659.73793	91689.75051	96504.2346	102889.40102	111417.50612	118909.11884	126314.4694	132426.94468	137382.79548	140179.70123	142071.52549	142049.65465	141525.45401	140186.66321	135496.51134	127141.40746	114530.75205	102374.31375	91289.33939	81239.75423	72047.25384	64014.86679	56620.07606	50276.10181	44393.84423	39916.96627	37437.62972	32290.65023	26623.11013	22787.28902	19690.32983	17004.62536
500	84465.35313	100366.99974	166508.8559	110040.51341	102808.89639	102367.38109	100937.30827	96417.01349	92662.44303	89987.81345	87884.13892	87579.79061	89473.00446	94090.11211	100024.29719	107686.3253	114955.00576	122003.75905	128519.81702	132992.55405	135990.44491	137569.96611	137841.69293	137942.9344	136440.90167	132843.15811	124251.98591	112663.5364	100429.13285	89734.65902	79898.33194	71106.67547	63241.88342	56095.07914	49796.20193	44191.87245	39418.86154	36950.78581	32787.2014	26993.65083	23150.01529	20038.35785	17218.40629
502	81378.57105	92599.0746	159334.78201	117773.61992	99389.8069	99792.01986	97280.6087	94736.76074	90916.41943	87156.10933	85572.04159	85157.63734	87240.65587	91161.43625	97301.31741	104247.77463	111034.9387	118258.52495	124469.19335	128793.29998	131998.53577	133545.88873	134201.87614	133568.63123	132918.19701	129590.45761	121757.30724	110042.09125	98676.08406	88018.44587	78851.91927	69967.29534	62454.34221	55546.25393	49323.86219	43780.45779	38902.55399	36188.31367	33234.11193	27718.63326	23353.1145	20263.3046	17493.4708
504	80113.50177	87327.00392	146306.11007	129908.96638	97040.53955	97176.77819	95831.29603	91890.33934	88378.08706	85793.80734	83434.51346	83097.75156	84651.19194	88146.82891	94061.00173	100881.0793	107553.13687	114565.66973	120248.11059	124486.6507	127891.81529	129269.55943	129590.37797	130107.32048	129426.51262	126279.08821	118513.01387	107676.59221	96419.49	86504.17012	77420.84729	68948.4303	61664.07787	54873.45968	48981.47747	43695.4086	38832.15781	35267.97945	33105.45458	28324.92522	23708.22301	20491.28265	17688.36067
506	76253.56791	84406.00089	131120.81054	141251.71289	95595.04648	95130.26541	92919.86255	90107.85999	86323.31648	83745.57037	81666.5701	80790.90616	82013.95907	85801.94612	91120.47158	97503.87682	104175.16567	110176.19433	116166.70052	120602.29039	123804.88727	125138.68224	126252.21371	126051.97048	126071.7512	123218.38872	115503.34295	105058.28763	94418.80827	85038.37296	75816.64328	67775.50361	60605.81	54262.58828	48264.82845	43099.37552	38472.79762	34577.05995	32657.00104	28788.23321	23964.81323	20619.46977	17928.41499
508	74828.31052	82285.94194	110982.1014	153105.67222	96948.65188	92410.07542	90224.02799	87155.65058	83625.29031	81582.89125	79251.38784	78898.76009	79536.37396	82946.32856	88178.33156	94383.6352	100686.40252	106561.64031	112078.2514	116230.69739	119507.63114	121550.02911	122200.34769	122776.45213	122323.41935	120168.03933	112644.08265	102716.06217	92517.46131	83103.72681	74454.69049	66505.26969	59867.92052	53623.46458	47768.62377	42602.94869	38207.57341	34083.1552	31882.02448	29099.59178	24385.15757	20752.27356	18059.25991
510	72450.56306	80013.04798	96727.81828	159265.5624	101155.63714	90712.31318	89607.24688	84986.21283	81753.77364	79160.92863	77158.18502	76169.76933	77523.28377	80310.31971	85438.70855	91326.70347	96917.35378	103092.90694	108244.13456	112331.90815	115640.60438	117448.20491	118303.62019	119133.10344	119059.70734	116608.68572	109733.45463	100313.0601	90172.16761	81052.03315	73066.41844	65316.12459	58795.06578	52747.17186	46993.48025	42189.71236	37681.9071	33835.08764	31095.27457	29097.35658	24865.00305	20867.927	18123.92942
512	74064.19936	76342.78003	84965.32569	153917.0637	110594.60328	87790.68382	85726.81945	84195.76619	80292.31678	76990.35675	74912.27139	73551.86903	74933.9774	77736.47835	82603.60138	88230.38571	93771.05157	99024.78568	104551.42879	108398.95665	111147.02468	113236.2595	114421.5785	115100.91678	115468.13812	113274.93228	106834.591	97924.84254	87956.18705	79221.49349	71295.91832	64183.03076	57777.8105	51811.81075	46525.05771	41649.40564	37367.57844	33451.90787	30338.06039	28600.84092	25235.63879	21134.03056	18310.80705
514	69792.68801	73865.81893	79858.0789	141622.16492	126142.31688	84568.45403	83681.30461	81493.77205	77136.00592	74640.40241	72996.2377	71658.90665	72913.20901	75466.39462	79855.97965	85160.31463	90220.70603	95628.92665	100144.79102	104659.76775	107444.64093	109309.16679	110707.72965	111489.76386	111891.6258	109641.52473	103755.26433	94817.56231	85841.74906	77490.69732	69564.43397	62656.69886	56544.05615	50811.74269	45650.44721	41087.95653	36919.25875	32997.46434	29821.16649	28092.53186	25494.8413	21410.68771	18359.81569
516	67345.93151	72250.72852	77377.1393	123730.39195	142909.38629	83755.95901	81478.46871	78771.11905	75528.11738	73237.33492	71268.36308	69731.80794	70318.50009	72934.99811	76548.20304	82064.38884	86967.17933	92162.30966	96784.18472	100481.90457	103785.1683	105434.66935	106925.9498	107649.95985	108462.93016	106679.12439	100293.97839	91803.87632	83257.0401	75309.10573	68102.77967	61364.79103	55184.9409	49879.11426	44730.43581	40419.65537	36435.94868	32574.58197	29351.29998	27310.7705	25566.82889	21676.09487	18331.3043
518	66740.66157	70282.82253	73566.62407	104935.63358	155921.91783	86144.24393	78549.98612	77219.81286	72967.49028	70906.63354	68758.30974	67304.15845	68007.31611	70497.95799	74400.17635	79139.14277	84027.28499	89161.13703	92940.21716	96963.70551	99901.86974	101704.42662	103214.30105	103907.16527	104747.89329	102756.71438	97946.24892	89435.94699	81154.17854	73262.23634	66226.16082	59702.88533	53907.10486	48851.29731	44117.57862	39548.41115	35711.18456	32232.73223	28860.77653	26530.74011	25146.91904	21931.50009	18544.37693
520	65544.2047	68373.91374	71548.73762	87884.56604	161325.25196	92513.37179	75722.72144	74295.45709	70964.87481	68719.5472	66511.06986	65320.73525	65634.44312	67951.61878	71350.39605	76116.68394	80658.18594	85365.11185	89857.69462	93230.37564	95950.37069	97894.20667	99777.84711	100555.10884	101489.21531	99958.64894	94730.1872	87011.93546	79035.34438	71370.29129	64701.40241	58323.23004	52812.60268	47779.42538	43012.97875	38912.09316	35026.53105	31637.17198	28484.32685	25842.55532	24573.93394	22175.22614	18617.10761
522	62253.04481	67463.73411	69032.32083	76229.54744	155723.04149	105995.33276	73941.05028	71653.73278	68919.6904	67069.72003	64726.30485	63046.83738	63509.67474	65514.30763	69208.4503	73442.67641	77875.27733	82088.35667	86221.16654	89791.37773	92428.7848	94658.61477	95715.13095	97026.83771	97876.74046	96847.69198	91810.40179	84133.72034	76303.05244	69335.34208	62917.68695	56833.80066	51525.18474	46774.75239	42149.83904	38042.44963	34453.0011	31074.11949	27875.55527	25315.88335	23824.3837	22124.17967	18743.98083
524	61335.96575	63552.31197	66189.68426	70164.61812	140644.15735	123141.86749	71725.41484	69056.33967	66629.18394	64407.56242	62305.77488	60940.30411	61237.34092	63266.29637	66276.14135	70602.19468	74951.06395	79254.81445	82994.96362	86101.58172	88797.61332	91235.29939	92243.67138	93410.64827	94316.1507	93451.82921	88712.62375	81700.40864	74157.80662	67324.28065	61052.59539	55217.23417	50329.30452	45426.0118	41221.95928	37385.57887	33763.91025	30467.63583	27543.83379	24825.75032	23128.56013	21745.83646	18853.47687
526	57500.01071	61745.49447	64284.08684	66737.83669	117515.48787	142904.6957	70170.62822	66945.40442	64525.26087	62232.36995	60533.29755	58834.95104	59470.10948	61034.34985	64231.37259	68115.88086	71715.8369	75971.44395	79801.99561	82974.48763	85543.59134	87287.34928	88848.0459	89984.39699	91294.04672	90274.53124	85978.88421	78657.93365	71980.36993	65292.83779	59300.23888	53879.46928	48719.85855	44252.44112	40102.44421	36404.29189	32842.41531	29894.51611	26997.24541	24373.83982	22373.94598	21329.35294	18985.91035
528	55232.4825	60324.26207	63157.10481	64916.42612	97479.14657	158297.32354	74382.37792	64528.53849	62217.33844	59527.179	58081.30727	57003.8552	57140.54221	58972.86147	61912.73506	65497.27955	69254.67651	73149.35563	76587.68011	79411.84605	81955.37875	84102.92128	85599.90883	86834.96715	87962.11044	87073.62381	82960.01295	76664.60014	69497.81727	63244.06781	57388.42885	52346.18994	47492.53577	43281.14373	39198.77353	35497.86775	32300.90508	29197.08616	26450.46829	23843.21596	21833.66582	20678.94358	19128.93896
530	53584.25887	59719.61808	60617.22141	61563.48802	77351.87876	164423.74751	85002.46369	62731.03842	59988.08695	57816.32762	56153.61283	54771.65275	55230.9292	56741.67198	59160.15801	62853.97336	66366.35394	70093.954	73328.5786	76389.27901	78589.04437	80829.43183	82353.74819	83874.94035	84657.52017	83724.64809	79869.74074	73728.35235	67349.26853	61112.15529	55691.36408	50493.41011	46111.6248	41882.48836	38095.71101	34683.01302	31342.07296	28652.46926	25850.8929	23458.72137	21293.4653	20031.3549	18865.31841
532	50830.37964	58655.1719	57877.62363	59120.28158	65541.83575	154583.59575	102512.83983	60914.25776	58260.83559	56224.65116	54153.05049	52791.03314	53288.33876	54471.17646	57112.56699	60275.60885	63706.49556	67495.01822	70584.83056	73505.01544	75755.12079	77295.67717	79107.06637	80481.87954	81752.58682	80988.85681	77272.8193	71323.57993	65046.15401	59203.89138	54002.11328	48988.46431	44906.77481	40778.37455	37078.84473	33817.23626	30636.46943	27810.15185	25254.18129	22881.05932	20717.39471	19227.10124	18351.60802
534	48973.84349	57271.16708	55057.42296	58262.90229	60219.45134	135120.55094	122588.7066	58837.0556	56510.24502	54276.63465	52493.97535	51346.13576	51141.89974	52575.51725	54843.95117	57777.81579	61064.9112	64292.32219	67792.58273	70350.33031	72680.01009	74499.96906	75985.18737	77287.67434	78333.08591	78079.2004	74680.02542	68774.94451	62821.44227	57255.99502	52201.31965	47627.04114	43471.26084	39543.52155	36000.83213	32882.22921	29862.10676	27160.94598	24624.00832	22373.92985	20261.96973	18582.96105	17857.50665
536	45290.16905	55530.32336	53646.28296	54950.63872	56820.81572	113976.55208	145240.48901	59305.3392	54415.13881	52287.12234	50581.60948	49293.68141	49338.3505	50385.9914	52725.99008	55490.6975	58665.68698	61959.28997	64743.45935	67683.6272	69743.80911	71207.937	72956.57985	74479.30323	75413.68988	74972.18487	71769.07835	66237.06955	60592.64148	55420.58849	50429.82914	46048.5658	42295.20265	38508.20876	34937.64239	31917.64551	28931.88884	26411.88333	24102.28133	21835.68218	19816.3563	18079.7893	17123.71321
538	43356.95175	52777.53219	54184.26046	53514.98044	54372.68721	88443.23838	162879.40271	64524.66436	52035.2974	50717.96048	48517.36447	47668.47097	47439.27081	48541.21134	50729.32371	53412.09039	56403.89249	59264.49578	61985.46182	64394.50746	66642.27717	68465.39427	70022.54053	71383.28531	72584.51209	72087.0154	69095.50566	64153.02883	58442.11286	53498.95727	48879.30534	44600.81779	40898.65862	37223.80838	33966.87876	30995.92466	28197.28532	25741.96005	23457.25694	21279.89506	19394.54077	17608.50535	16444.86652
540	44445.19195	50256.8508	52044.14232	50968.31955	52928.66729	68159.61462	167715.47023	78191.48318	50581.64892	48715.15676	47050.76317	45567.69426	45492.65361	46860.81337	48559.7183	51604.24738	54345.56277	57025.75792	59661.7256	62058.94721	64246.03501	65764.10283	67224.39487	68397.51001	69888.34803	69398.50909	66276.68479	61470.42212	56441.12828	51698.15415	47098.85433	43073.5118	39532.27297	36091.98186	32874.30583	30025.41176	27410.54003	25112.11546	22755.74943	20814.92356	18849.16193	17203.9503	15853.65079
542	42192.82597	46941.45799	50433.71598	49836.66114	50823.37364	56141.33544	157722.29205	97226.51373	48607.27595	46634.26818	44953.90443	44118.83645	43836.49003	45293.8353	46788.68826	49504.82978	51885.40634	54837.64633	57173.79869	59446.74211	61654.38801	63183.42377	64561.71098	65820.43033	67118.93984	66821.20434	64153.23927	59175.13213	54495.41511	49703.06452	45678.27462	41823.91374	38419.21594	34856.51163	31961.74	29209.88016	26698.16754	24315.23843	22110.17021	20123.60539	18418.41336	16744.59083	15392.39642
544	39533.06303	45435.71662	50032.55607	47651.31479	49334.98957	50485.45533	137984.73487	120420.90536	47480.65444	45254.40618	43315.70767	42770.7704	42474.18305	43283.69003	45079.90923	47275.80059	49923.01562	52568.01496	54765.60059	57013.08409	58962.8131	60566.99357	61900.22218	63381.86593	64400.89539	64252.14463	61529.59759	57107.20744	52712.86621	48081.90154	44118.53202	40100.37252	36922.43015	33774.72167	30805.55239	28286.85041	25773.7146	23607.65136	21503.38579	19610.67233	17916.58934	16307.23928	14884.90021
546	36933.8356	42318.15242	48161.16491	46228.00583	47306.36328	48375.75391	112439.65809	144510.97002	47950.0994	43661.63081	41971.59907	40818.10643	40757.76168	41440.61322	43134.91719	45722.6222	47794.12918	50366.26536	52240.14681	54832.72797	56634.18068	58247.44086	59243.76462	60798.93139	62016.47604	61885.60695	59428.7198	55153.48894	50601.38902	46307.8265	42494.5478	38905.40817	35612.43423	32686.4841	29967.91357	27417.88822	24995.12744	22896.36298	20985.47872	19077.82766	17450.34348	15869.47132	14566.44193
548	34846.52312	40130.31338	47247.27984	44863.70622	45023.30544	46081.16631	86641.9019	164541.46108	54355.14379	42206.07861	40385.83253	39336.07104	39214.8155	39867.90995	41631.86454	43809.90166	45759.37844	48092.2272	50260.7382	52399.49406	54234.57989	55816.50761	57019.14281	58252.85627	59389.26661	59426.94557	57085.39848	53083.82355	48687.57317	44595.96556	41074.36892	37672.70285	34453.53495	31585.81992	29007.58749	26467.07849	24284.18898	22310.90682	20375.03327	18581.34514	17014.04866	15464.91598	14065.92353
550	34311.12506	37867.56563	44709.53121	44763.91058	44083.15828	44348.0596	64372.06185	169889.55773	68611.23457	40071.65154	38894.19122	38110.80166	37590.67667	38587.90843	39945.19467	41809.19805	43970.35498	46296.08312	48358.90093	50268.70984	51999.4043	53383.01224	54689.71749	56017.17328	57174.82544	57059.81419	54769.35319	51147.61987	46902.63139	43005.09079	39468.48682	36185.29081	33276.55386	30500.03259	27899.50982	25607.51331	23563.20081	21551.30234	19685.43197	18024.59941	16485.30191	15042.15277	13743.57797
