F1	240	245	250	255	260	265	270	275	280	285	290	295	300	305	310	315	320	325	330	335	340	345	350	355	360	365	370	375	380	385	390	395	400	405	410	415	420	425	430	435	440	445	450
320	7099.25937	5874.9134	6812.99969	8291.90449	9986.43672	11854.96167	14353.90307	15492.33563	15193.8871	15506.44957	17382.20142	8778.61429	3604.83292	2458.97306	1977.27078	59113.49796	436877.19689	336938.71339	18972.03605	705.52569	539.08214	464.80568	400.90988	404.21571	392.54859	326.48751	324.06961	282.46445	247.40607	219.38042	193.26182	168.08391	153.1934	143.53231	128.20548	112.29364	114.23798	104.04799	91.73329	88.99822	77.62804	71.13519	73.73032
322	8019.5503	6407.03137	7330.96739	8726.13405	10526.81548	12452.10587	15062.55229	16278.96325	15900.86458	14400.77436	17448.79253	11694.12514	4337.09191	2697.91413	2130.81566	12018.10159	293734.35718	504761.67967	91527.20751	982.5224	595.94539	499.81634	427.85525	421.00224	405.94057	358.38532	335.12684	274.12423	248.71357	212.94636	185.82206	174.89086	156.75458	142.88325	131.57439	122.52028	105.89323	102.5781	93.31302	89.35227	80.87288	77.06047	74.9008
324	7941.49766	7407.11027	8346.90468	9052.98979	10709.12965	13333.69045	15681.51105	17075.59432	16303.46996	14412.53839	16169.15702	14564.20754	5547.82712	3016.51703	2307.47089	2352.39431	133298.64074	557711.86032	252449.38839	6146.53458	702.17013	537.98018	460.61383	442.98528	419.16666	377.18877	349.25185	299.10367	243.57119	216.91276	201.6682	179.23742	145.87558	145.0224	143.59658	119.92397	112.01892	102.65073	100.04419	85.20309	80.20573	81.93742	74.06804
326	8588.28664	7554.52213	8210.33007	9902.18951	11366.34199	14059.30486	16272.08984	17491.76863	16915.00922	14673.34507	14508.9962	16556.61539	7541.15398	3451.80659	2648.80294	2236.41565	38361.35816	456436.26491	450746.28729	46824.25768	868.79269	593.52603	481.65133	450.98696	425.94765	406.23007	339.87628	309.66391	234.43463	217.8802	212.52256	167.28883	159.44735	147.7875	130.20364	122.06789	114.02932	106.26962	96.76649	81.79498	80.91645	77.52233	83.01026
328	8889.67222	8293.10913	8797.3642	10296.07358	12269.75768	14474.24118	16666.60821	18086.46172	17407.74895	15395.29883	13499.31127	16889.29025	10444.93131	4105.9391	2965.79647	2480.14838	6132.69716	269000.87434	586035.38312	166706.95262	1448.97264	685.83751	505.34607	474.97536	441.84016	439.6359	364.74273	316.83014	262.86271	237.85768	215.96158	181.26414	164.89373	152.57581	136.80486	121.19533	110.60338	109.39529	103.65624	95.06046	81.46674	81.83378	74.54225
330	9981.47958	8975.8352	9576.87996	11009.7678	12898.48083	14849.30908	17384.57515	18317.53179	18370.42268	15902.26773	13109.28634	15735.58804	13637.89553	5273.00509	3404.1384	2719.80383	2554.79243	101468.31096	566428.40565	379455.42915	16042.92247	821.30566	565.82822	501.64887	463.74972	447.75353	382.22362	314.54032	278.4907	230.14206	213.37964	183.95087	169.8434	152.47497	137.001	118.58375	118.80735	107.64093	99.75482	90.28173	78.84978	80.30971	79.08072
332	10102.00218	9558.24911	9961.67902	11169.68853	12966.93703	15504.60639	18003.91349	18703.95977	18924.37441	16529.21789	13495.83531	13976.81464	16121.37255	7406.4007	3787.16779	3163.9933	2651.82952	22058.22982	402660.29121	585982.45575	91188.08954	1113.71471	628.4019	559.9365	470.33028	419.34347	416.46355	320.04032	256.39775	230.70776	210.70911	190.09034	173.56315	156.99837	138.07031	130.19514	113.96447	111.30647	106.72008	94.39195	84.32252	84.94462	78.31684
334	10500.04962	9862.79714	10311.47331	11503.35993	13987.69378	16089.71645	18176.85379	19293.15735	19190.73902	17160.72616	14028.3093	12523.08287	16809.61988	10461.36548	4542.12049	3535.97527	2954.41929	3589.98459	194146.7356	660213.81883	280566.94842	4969.05145	731.8812	583.52947	489.74853	440.71206	432.91041	376.72304	298.12955	243.32089	221.7783	195.84303	171.28635	156.6662	147.82841	124.94674	127.84367	113.08192	103.65034	90.5253	84.42472	86.23496	85.88402
336	11484.15537	10127.45656	11313.3711	12330.29592	14160.99805	16768.97222	18867.53512	19884.11446	19518.19902	17674.49202	15003.87964	12113.22999	15743.1634	13963.12382	5865.70969	3988.79236	3425.14655	3104.61811	58342.12317	546193.98263	539294.49701	51323.51091	950.71784	662.97449	526.19282	471.65626	427.79446	404.97396	309.04489	238.56375	223.7196	187.63895	177.87871	153.66292	144.82108	136.05763	125.10867	112.85838	107.38864	101.05872	89.04283	84.85419	81.67856
338	12380.76778	10709.70501	11979.67105	13467.31012	14943.25898	16648.66793	19026.60417	20046.16521	20357.59772	18494.28558	15603.25361	12558.995	13884.92506	17066.88425	8076.07261	4786.64591	3959.64024	3435.82184	9246.806	320322.31749	723669.16895	207486.28525	1587.29095	734.03738	593.28125	486.76346	421.54525	409.59302	334.73432	262.74801	231.93607	208.5275	188.6902	170.09894	146.67194	131.04855	121.44378	120.26937	101.03707	96.20095	93.63108	85.04481	79.71025
340	13238.60747	11933.85884	12541.90749	13951.28313	15512.48908	17354.01902	19484.04136	20706.085	20532.55779	19222.85709	16330.32408	13005.5166	12615.64931	17942.35699	11565.53871	5603.87406	4537.57	3995.38227	3650.98862	120192.69231	709106.53057	484897.44598	18400.52645	901.36279	643.193	532.64232	453.97331	413.85145	347.97555	288.69721	235.91131	206.17097	181.59734	162.93633	154.27658	147.87485	135.81927	118.131	103.50079	103.58862	93.51589	90.38254	81.682
342	13664.7613	12955.23519	13709.61696	13489.67909	15904.33932	17876.32785	20068.73184	20786.63945	21402.0516	20002.51944	17270.20837	14114.78597	12019.51748	17473.70746	15588.67036	7163.15621	5231.5701	4682.72585	3980.86496	26441.83022	508545.78655	732181.82659	111235.02156	1261.79614	757.81813	576.02029	467.52296	423.42019	369.90103	278.93436	247.61846	205.50734	190.22681	178.94447	156.25708	130.07536	130.27504	123.34923	116.2034	103.23458	94.96052	89.4608	83.51999
344	14333.2904	13650.72682	14193.89257	15029.99514	16586.3356	18339.91339	20649.81963	21577.12495	21628.78479	20484.85947	18251.11248	15056.24642	12503.5737	15663.46396	19126.43766	9611.52377	6236.81659	5439.67801	4577.05151	4917.26912	244877.61008	806495.95239	338733.28901	4831.7296	891.19855	637.9627	491.84231	437.92651	376.90691	317.2534	267.21429	223.37238	190.76187	172.57618	160.88349	141.35146	137.57924	119.17902	112.388	106.02612	97.50862	89.94076	88.73726
346	15716.21119	14939.80273	15512.89636	15499.37973	16876.90899	19191.8762	21409.71803	22076.59536	22405.00096	21477.81637	19418.32565	16281.58757	13322.36826	14326.25601	20979.64163	13435.44033	7630.40056	6356.23486	5396.62007	4683.55012	70977.7155	663702.68115	634242.64768	55898.42833	1155.63486	711.58675	554.47624	451.93941	383.02825	354.49262	276.18107	236.80216	208.59866	184.07189	169.85866	149.38404	143.656	128.08101	125.83456	107.09397	102.05232	95.58061	90.44462
348	16245.1795	15907.07876	16484.8287	16519.6141	17700.08213	19942.84299	21600.59937	22868.32612	23395.47861	22589.49006	20362.79415	17430.76395	14708.12779	14040.91844	20705.63071	18344.02409	9448.22739	7516.23334	6455.1133	5406.65049	11035.35381	386290.53282	823220.7993	237325.58198	1990.41157	849.23097	623.99641	489.39999	385.93694	340.5146	311.15596	229.07557	207.29499	185.52036	172.95463	146.38223	142.50965	132.50036	115.45814	108.57505	103.14766	92.99925	87.92085
350	18316.1511	17160.14304	17621.66965	17267.57472	19499.53756	20591.10051	23173.94421	23694.33168	24278.0311	23257.5524	21352.86509	18768.3873	16477.44071	14871.92333	19323.92691	22673.90977	12422.0087	8959.56626	7720.72565	6424.92485	5647.13935	140513.87497	796263.97195	559102.70901	24594.31754	1068.88745	675.30764	530.86606	393.70551	348.31396	318.46869	253.25686	221.14517	186.11194	164.03581	158.16888	140.72882	130.26118	125.56765	102.43603	105.78774	98.65276	86.54476
352	18777.02642	18451.35229	18346.67908	18927.9711	20123.27501	21874.1289	23445.68452	24594.09012	25299.18984	24583.39942	22723.69295	20246.56077	17721.60635	16301.39899	18054.42333	25220.20466	16976.08211	10615.29053	8964.6745	7690.07373	6396.00065	28978.82234	570152.89379	834101.20639	153576.44077	1545.03023	837.42646	582.48808	413.25938	354.92014	350.28289	280.61894	219.35845	196.79329	175.12075	160.48559	150.56398	131.28509	126.71083	112.29531	100.99826	98.23796	91.70377
354	20418.38678	19688.73183	19215.18407	20690.16525	21174.67878	22555.00356	24836.21342	25410.87115	26119.49278	25820.64535	24248.24162	21753.05686	19462.51924	18051.53002	18116.85326	25434.6145	22355.95937	12886.73861	10645.12683	9008.827	7438.74378	6846.81759	271932.55022	915569.79532	453818.54219	7122.58747	1008.63781	629.32144	458.24387	373.01859	346.53346	294.21435	233.09306	200.08422	182.62031	171.92266	149.46149	133.9333	126.78655	116.31196	101.78527	103.42077	98.0159
356	21788.61575	21402.60586	21122.28147	21249.95783	23001.19328	23701.18865	25728.17516	26515.14482	27234.76483	27078.23097	25999.64816	23420.15494	21633.29344	20248.38714	19527.21598	24560.14171	27516.77668	16324.5542	12441.13823	10621.66729	8744.43738	7176.91229	76734.93667	761713.67477	802377.97164	75639.31081	1369.80752	738.45545	503.69202	390.21606	352.74595	315.04619	253.49359	199.59232	201.27963	171.45111	158.5197	151.14829	134.95956	119.95751	105.65996	103.54603	98.90235
358	24398.21327	23732.63552	22741.78393	22920.26057	23627.01737	25040.27515	26701.12263	27532.40042	28616.53801	28200.93634	27287.60599	25451.71135	23717.13863	22391.6139	21257.98298	23641.97898	30905.43695	21359.93962	14672.62374	12470.79742	10420.6575	8349.14931	12286.82445	449570.51448	989081.2612	296608.13333	2478.63107	883.82348	592.56786	417.89661	366.63224	307.38625	281.4348	228.24533	188.86283	173.98019	157.39546	145.70891	135.59941	127.55859	117.64071	101.95319	95.33292
360	25100.03969	25323.5842	24429.52299	25121.58037	25829.95173	26354.74301	28195.32868	29067.62918	29668.07728	30087.04479	29233.9793	27493.2678	26097.17537	25077.60474	23985.21661	24170.08031	31959.60462	27648.33185	17512.11269	14466.99573	12276.31176	9886.67804	7998.01537	165480.3175	933358.63214	661547.67521	32353.7719	1157.74427	658.73617	481.73206	379.31154	325.08067	308.03132	239.17153	199.04425	181.69316	162.29342	155.30747	129.31646	116.60599	122.27959	106.13629	96.27449
362	28554.3738	28765.72521	27187.21436	26909.54818	27315.61114	28534.49083	30079.81201	30570.90171	31642.91586	31987.86816	31261.75877	29684.7924	28711.28814	27854.66065	26685.92441	26152.75504	31590.33533	33775.14763	21603.24479	17057.2173	14309.64355	11727.31768	9109.88819	34976.95034	664909.69514	947938.25204	186030.57789	1691.11909	774.49877	518.4285	414.43345	325.03586	294.20842	275.8232	211.00834	185.36551	171.88223	147.30878	141.08938	135.97472	118.02168	122.7239	107.30396
364	29859.83771	29153.06009	29129.92187	29680.28307	29744.90025	29885.15603	31750.229	32522.53102	33610.02838	34451.22865	33679.39648	32835.87194	31612.0482	30989.40143	30059.43211	28617.91396	31456.0847	38102.58024	27746.74484	19944.74476	16723.83432	14046.77032	10792.27565	8966.20623	308415.76266	1.02478E6	532646.77975	8683.97341	979.32047	592.93581	443.34777	348.50325	312.72429	292.87138	241.16751	199.12442	171.02855	161.12288	144.72474	133.55398	117.88815	119.56193	106.05504
366	33213.92755	32968.25221	32076.29976	31916.84183	32050.70006	32874.82873	33759.37119	34975.86794	35650.82531	36177.55237	36272.04701	35651.31314	34612.57278	34231.08188	33686.8835	32477.92728	32358.85527	40102.56214	34376.31453	23592.82694	19516.21565	16260.08475	12640.39092	9843.84896	86296.93511	860843.39717	896699.52897	88461.11002	1363.4598	707.81616	484.38945	374.27237	307.18737	309.77759	256.83444	199.66035	178.82289	165.60863	144.34721	137.36455	122.05088	111.91596	108.6441
368	36658.30414	35323.42276	35776.39968	35102.3965	34691.46836	34377.62247	36718.47067	37221.67733	37693.83052	38705.61392	39212.75433	38350.22786	38449.96923	38100.22325	37379.65058	35929.10083	34924.36253	40676.91238	41533.29373	28432.63004	22617.35022	18997.71652	15108.13121	11419.29632	14959.91279	521995.91007	1.0784E6	327300.42034	2651.83382	855.22185	541.48758	402.02447	320.12603	280.90394	273.10285	219.1768	178.60782	164.71441	157.14381	141.372	125.13724	119.36588	106.58443
370	37821.00437	38963.18121	38231.43488	37846.52038	36876.1127	37580.61739	39180.66979	39234.98866	40793.17337	41559.5496	42417.90894	41958.69983	41781.54768	42169.78442	41910.9165	40397.85555	38813.77123	41137.57633	47155.62567	35061.7922	26254.62658	21983.42346	17821.29596	13625.27908	10735.56811	193931.77521	1.02838E6	698458.55524	35276.57122	1119.31512	633.52107	449.63603	342.77083	296.3512	293.93436	238.6328	183.65669	176.70274	163.30638	144.63839	128.32152	122.98816	117.88164
372	41817.25199	42256.16543	41722.46975	40540.89464	40362.13996	40291.19185	41942.37578	42230.98918	43634.36714	45100.44343	45606.14953	45708.85912	46108.23959	46478.44523	46360.55401	45007.71268	43194.96893	42925.10856	50403.51346	42849.87233	30554.25282	25426.23938	20832.4332	16149.41982	12325.53702	40840.32491	762377.52184	956440.64865	185556.73878	1666.11556	785.47148	512.75809	388.53059	309.26157	289.40826	265.19104	204.42399	184.28602	163.4622	141.14641	143.05543	127.93305	116.44618
374	45004.61742	46082.53364	44316.68873	44269.397	43519.28703	43350.85054	44811.75734	45326.95778	46420.2095	48011.03991	49040.53666	49480.94269	50240.94443	50908.4577	51033.26753	50016.29789	47617.78762	46146.84286	51637.01854	50624.89357	35777.22405	29295.7707	24071.82089	19139.57017	14543.88422	11762.45477	371890.19981	1.0184E6	497906.69844	7018.66127	951.45351	592.5443	412.86288	326.65477	289.89595	280.94918	222.76339	191.63838	172.23156	153.01363	140.93699	137.45523	117.98247
376	50822.56466	49331.93467	48980.53207	47977.10724	47378.92422	47109.32452	48113.56781	47643.25165	49476.00039	51228.12841	52769.90008	53646.3544	54955.09649	55925.4264	56188.62574	55300.51078	52953.80142	50630.79688	53015.76031	57291.34471	43010.77646	33580.20879	27981.81345	22281.85806	17276.03024	12920.66666	107135.13817	876449.33957	809816.39334	72880.6123	1349.38254	714.16647	470.64759	361.16371	299.53549	281.40341	248.28666	186.39587	180.81154	164.45528	144.26502	134.67035	124.93803
378	53106.33436	53345.2272	53141.57977	52557.73324	51277.99892	50954.85326	51179.59065	51963.64467	52974.0386	54974.13801	56685.13759	57659.35412	59749.57437	61361.0425	62051.01961	60752.86765	58710.54708	56077.36516	55496.56895	61590.79489	51630.4051	38805.0753	32172.87239	26131.08475	20496.55805	15096.5946	19553.6971	554847.66145	963568.6432	284953.98987	2287.43159	885.91901	533.71639	391.48913	330.75142	285.35854	261.89928	214.95577	186.03089	170.90484	144.24202	141.46099	127.04888
380	58298.3996	58174.60984	56803.38054	55998.12192	54169.69667	54229.94176	55222.30186	55046.43537	56786.88078	58499.66495	60979.49876	62305.5293	64590.47148	66862.78859	67620.50554	67116.34139	64973.63569	61959.05871	59528.42379	64639.90114	60334.61898	44965.14219	36612.21573	30189.85701	24083.71713	17846.5442	13301.81728	228746.99463	930102.04679	610906.37913	24049.90663	1163.58278	628.22384	430.21256	352.07928	290.62937	275.21437	239.61637	197.26919	175.18037	157.61643	137.37339	131.85123
382	61349.53602	63623.36771	61937.80421	59814.133	58823.34938	58156.10889	58828.04849	59100.51481	60219.92857	62597.00926	64980.20015	67099.59558	69445.14832	71839.4536	73316.25992	72681.1042	70903.29403	68084.10369	64774.48765	66928.36115	68236.22768	52179.31183	41525.45244	34549.16086	27624.08181	20888.97113	15221.32976	59648.19804	724143.24821	852641.51436	136340.81269	1669.53005	750.7274	495.6692	383.66107	309.39063	273.14769	255.55724	210.22654	170.48001	167.38312	157.1401	131.02912
384	63941.95619	65438.44743	65458.7246	65045.88475	62483.40804	62168.69373	62612.25885	62630.30642	63517.89489	66418.48914	68887.86378	71460.0863	74329.63017	77638.18071	79318.48063	78851.1518	77168.36571	74162.51806	70622.89988	69285.20907	73766.40311	60745.53762	46731.41249	38950.0476	32030.63989	24381.77324	17492.06508	14477.76336	393562.33723	939290.90417	399379.02714	5358.08928	965.28742	572.85557	424.18361	322.1986	259.90792	266.69501	232.12367	181.92845	165.94999	156.27596	132.63122
386	69911.30401	69406.84641	69173.30994	68111.10355	67054.57255	65360.65132	65899.52108	65649.28028	67348.5104	69811.97118	72388.29573	75465.40712	79271.87952	82886.85198	84910.66006	84886.16323	83382.38105	80554.20502	76742.30635	73448.87064	77410.10805	69965.18067	53048.86066	43802.71622	36254.61642	28091.82167	20331.7029	14484.72095	135457.38765	857611.71136	699275.42577	55914.23243	1309.06192	694.91901	483.25973	351.71979	278.07509	271.883	249.32522	193.37203	186.4298	148.26687	147.73673
388	72701.556	74508.04955	74376.12617	71820.31596	70873.57012	68688.41952	69099.07838	68745.2307	70429.18437	73340.34352	76679.99827	79420.21323	84158.95803	88211.85503	90942.68795	91106.77983	90106.17581	86805.90046	83008.89103	78649.9382	80110.59929	78437.29956	60491.59167	49168.31055	40837.48801	32309.88916	23725.58829	16485.40863	28219.45204	611828.41231	872878.13214	230874.2743	2086.65281	856.14572	559.10445	383.65922	308.56179	285.95806	252.62984	218.77635	173.73895	166.60176	142.91477
390	78328.93088	80054.92762	79540.0575	76053.41916	76298.80527	73641.43892	73189.14332	72876.5364	74049.75407	76959.43939	80478.14749	83983.77462	89305.32647	94263.88177	96954.97071	97678.92647	96616.90714	94051.33279	89944.15953	85266.42691	83421.77811	85669.36477	69179.69387	54973.52244	46371.36468	36980.26718	27538.40602	19119.81397	13903.52482	283772.4603	890439.66478	535730.07183	16675.77978	1134.62771	652.49057	437.54452	321.33423	272.13564	273.14435	236.02993	200.57905	164.0748	149.49648
392	80889.12894	84172.83679	83281.94866	81042.22164	80186.18838	77208.66368	77208.16984	76292.21047	77617.15452	80832.82289	84608.37023	88574.29254	93695.29142	99520.45015	103315.0629	104671.09495	103319.59558	101291.36813	97467.14559	92340.84804	87363.1265	90332.22205	79507.72588	61899.09248	52064.69613	41960.18618	31897.03068	22319.06286	15638.72581	79011.02236	745904.2029	781719.00255	119116.12244	1610.04086	804.36818	500.80972	350.70606	293.17741	266.18534	251.63384	224.91851	172.72513	154.99963
394	84481.5518	88052.15277	88201.98019	85452.32059	83982.54473	82517.19122	81204.69458	80503.58477	81717.99559	85084.40931	88241.86325	93228.22194	98943.69769	105574.39058	109638.10733	111334.31219	110841.01067	108765.23202	104836.13732	99774.65481	93506.87048	94151.98439	89588.04481	70098.92985	57828.39856	47369.55167	36362.61588	25821.67656	18117.75095	16480.32686	445721.25319	867896.85568	372783.21049	4295.21292	1024.61108	594.83362	389.6453	321.46121	269.53767	249.86752	257.03864	188.13318	164.54445
396	90370.375	91485.25886	91982.5757	90348.76501	88622.90514	85595.40136	85293.6195	84538.25789	85615.99316	88263.49726	92534.48766	98027.83538	104306.0747	110795.1832	115961.99202	118342.84981	118323.72664	116586.37342	112865.60386	107456.07234	100716.82669	97936.69941	98003.23973	79357.76551	64694.92218	53413.89673	41255.79822	29801.52468	20944.7236	14890.0725	159571.17116	806911.42157	669167.1737	53360.23372	1405.3309	718.4332	446.09202	360.41148	306.0449	263.138	286.00806	210.86897	161.82841
398	96725.84537	96746.33571	97455.58011	95048.67091	93007.2913	91254.86883	90263.46282	87567.75761	90064.96208	92594.91117	96684.48975	102331.41631	109707.06761	117029.88622	122592.5552	125282.64754	125942.29998	124331.18739	121103.60577	115587.35974	108635.67777	103292.86593	104269.40112	90580.80667	72011.34508	59331.31735	46415.18774	34134.3748	24225.0473	16687.1397	34869.536	586493.91047	815273.27284	229521.79391	2188.32962	874.02993	510.61231	390.87221	314.91762	262.68006	283.81093	231.26271	174.67876
400	98614.81862	102587.30291	100933.97611	99578.3955	96708.28105	95076.31456	93662.85812	92117.44159	92943.06898	95912.8685	100592.41196	106561.04119	114556.83118	122415.49774	129718.68661	132522.66167	133526.83329	132444.71641	129406.57762	123904.51161	116943.83701	109898.06913	109192.19761	101382.22214	80563.50063	65938.85258	52230.15701	38714.28257	27737.40069	19243.23688	13944.88531	272280.52558	813224.82533	527674.9507	18405.61484	1160.82823	618.89713	433.2471	336.02286	274.54175	277.29939	245.67001	188.49931
402	104638.87273	108139.35213	107278.20432	105621.9037	103037.97433	99707.95447	98093.76179	97177.2226	97358.78246	100407.54882	104885.82974	110953.19789	119571.49955	128029.48422	135690.81178	140108.30594	141525.42762	141214.86046	138069.36573	133002.73258	125532.27836	117651.88088	113939.92377	111249.99257	90981.3176	73290.77862	58397.99005	43980.58264	32089.57823	22202.54337	15429.01544	71658.87831	662157.43584	749964.19701	133031.90411	1685.05454	752.50611	503.41974	365.26674	277.6097	273.91501	239.86129	213.41507
404	108617.82432	111802.21915	112392.88973	109211.05144	108276.48778	105253.85112	101975.70816	100918.52148	101490.84487	105005.14465	108475.18169	115423.76778	124548.06445	134052.26028	142097.16788	148003.08134	149801.34265	149823.25061	147126.11434	141825.61192	135028.27166	126648.7536	119533.22275	118494.28313	102553.88349	81130.50515	64648.31043	49321.27853	36310.97999	25471.51875	17724.20746	15136.44319	370159.73265	813717.12124	404245.11367	4780.34812	958.93097	588.73172	403.04693	330.40426	279.88027	245.72517	224.70416
406	113722.06933	115018.57273	115211.57276	116119.05369	112410.26802	109272.75542	107252.47084	104727.03109	105243.55996	108676.67201	112497.71546	119785.67766	129274.23802	139282.15595	148996.85567	154746.06518	157780.02987	158004.92142	155952.77171	150907.23562	143955.69952	135310.67064	126533.68479	124639.73817	114061.76037	89880.05124	71759.32485	55063.31931	40944.90278	29347.74134	20409.46562	14384.36348	124438.1825	738814.26357	682888.25233	58230.14317	1287.55612	717.33006	463.06595	349.16485	284.78231	246.42425	239.01452
408	118996.58114	121317.73683	121581.29162	120313.75917	117548.4794	113554.99457	112663.02257	109118.31191	109465.53128	112295.58364	116229.11317	124188.96396	134156.51159	145452.7324	155234.84965	161874.49534	166097.72825	167245.87832	165704.16833	160964.29803	153477.01166	144902.93326	134759.12751	129623.24148	124649.51408	100276.8873	79078.53846	61058.83312	46020.2019	33232.68069	23506.09184	16383.08548	24202.62515	508103.42493	804164.65308	248238.67902	2043.6751	914.00741	553.71125	387.21676	314.60084	245.0207	242.62472
410	122487.49102	124855.30125	126095.33672	123097.73599	122349.73039	119078.19155	116563.78417	113503.71604	113713.35	115529.3005	120062.23	128504.62822	139153.96476	150259.7681	161647.15009	168997.61972	173516.21976	175579.18373	174524.85648	169649.898	162252.39542	153985.17365	143728.30789	135467.6901	133313.08699	111266.13999	86603.5669	67330.04716	51288.17352	37490.13775	26790.31336	18775.46312	13712.17259	218699.57482	794650.19634	541763.62066	14508.11522	1174.04134	659.63052	428.16138	340.19304	273.71815	236.03967
412	124553.50575	130085.11332	130944.42285	129188.97032	126158.59405	123352.74346	120931.56725	117583.91306	117099.43204	119697.73825	124467.73409	131894.03146	143144.7096	155337.17018	167416.15335	176103.30872	181538.69832	184395.29771	183609.66774	179244.25305	172313.3537	163399.32793	152531.98759	142543.68688	139373.52142	123469.18369	95168.56503	73962.24817	56885.83225	42039.07793	30509.7841	21590.30036	15352.27253	54268.42561	651588.13239	734025.04427	108414.86529	1696.59796	801.19588	514.81782	373.79366	288.59192	245.12304
414	132049.87955	135644.04067	137609.25568	133537.49012	130819.75402	127479.61406	124814.5157	121318.78492	120315.27314	122771.86672	128238.26942	135964.29038	147608.78019	160150.94489	173532.93336	182883.03538	189331.82715	193276.75325	192414.6689	189093.22244	182105.78409	172848.77808	161944.72727	150870.86444	144965.58548	133959.01366	104939.03329	80408.26543	62254.74448	46744.20924	34184.9722	24546.85372	17501.4975	13536.88323	357447.31228	781833.99163	348099.68133	4617.93646	1036.25012	612.45077	427.56223	317.80009	261.39133
416	135665.94582	138953.57426	139726.13877	137893.20237	135820.78587	132399.74495	128886.96876	125236.63581	123686.8216	126153.75083	131064.33217	139382.01076	151919.42432	165375.98948	178386.4696	189486.22031	197417.52807	201802.09919	201971.33002	198304.02729	191056.87295	182352.21221	171339.30297	159563.18142	150427.40175	142792.07868	115255.20896	87885.93402	68400.02679	51575.02041	38315.19391	28037.81931	19956.48488	14182.76437	115036.91412	707911.73661	611625.6086	54660.3319	1415.10787	730.01981	479.78803	355.55472	268.07335
418	139193.67957	143607.38273	143979.83638	140138.28088	140492.8293	136936.32922	133508.52646	129721.28201	127446.59365	129582.14704	133960.45768	142983.95591	155376.75268	170272.5258	184052.80787	195707.25902	204398.48441	209923.24347	211399.60044	208153.63737	200867.6186	191979.94317	180174.64737	168311.81696	157399.73987	149270.07307	126297.97155	95417.67247	74213.87313	56842.82678	42923.97528	31565.59786	22787.1434	16125.60717	20752.57421	483043.8545	738843.40948	235884.10354	2266.70105	928.1422	584.21845	392.98704	293.2434
420	140903.7777	147835.13643	147496.54965	147196.77997	144945.95877	140158.91977	136777.79787	132598.08982	130751.60542	132040.51264	137748.89665	146582.82066	159802.31198	174339.94641	189833.04769	202635.70772	211279.45175	217786.78102	219624.6073	217060.60496	210527.76816	200986.57644	189766.57367	177602.45155	164875.57971	154765.93547	136576.87503	104138.1521	80363.92779	62069.26239	47399.52611	35247.36091	25836.23586	18440.67622	13401.39981	202698.26551	733355.29122	521343.81491	18678.69291	1233.67135	688.28598	463.82936	329.19236
422	148353.39104	151790.01635	152799.84793	152546.97862	147012.90821	144580.96829	141097.52142	136880.73008	133666.6738	135492.43802	139982.24717	149520.46364	163075.34253	178282.52628	194825.69303	208560.84259	218518.9576	226140.9027	228676.81624	226184.14574	220272.71271	210096.79224	198746.67722	185812.48431	173286.41306	159617.0751	144953.1663	113296.9245	86760.66729	67421.58504	51746.00423	39129.43996	29123.12432	20925.98088	14987.72145	49369.95551	600699.39295	710780.73579	123839.96448	1791.3563	877.14982	516.22445	373.29118
424	152201.13792	155421.95453	156812.50891	153924.11207	152078.41669	147390.54049	145004.31827	139498.55253	136750.10156	138160.8808	143273.06172	151800.16822	166239.76384	182712.80668	199341.56298	214066.81488	225879.33007	233699.68647	237117.47177	235335.07591	228982.58137	219399.7532	207396.66988	194763.97155	181499.58892	165348.26673	150933.3039	123163.55165	93951.42424	72840.53504	56550.39731	43255.46522	32569.95947	23613.84387	16991.0212	12984.78799	331875.3251	758814.9155	376885.10148	5916.00616	1116.04289	628.31691	416.01418
426	154260.37283	159414.67968	159035.29816	157633.90706	154955.24171	150925.459	148006.04002	142819.68701	138873.03282	140746.66717	145631.32074	155061.0296	169528.54448	186212.84121	203994.30672	219775.74809	232051.87562	241074.34345	245230.97609	243982.37633	237641.57414	227836.25988	215971.05307	203662.21376	189485.15453	172193.39271	155944.83589	132093.46003	100938.75846	78361.37295	61245.14354	47466.63615	36140.97938	26510.67716	19186.22341	13798.9055	112503.57725	689252.17163	622578.50515	59782.00144	1525.97792	776.62401	487.12906
428	155560.31119	160272.35884	162122.07945	162533.47453	159245.72507	156999.20237	151399.55348	145588.35747	142026.68547	143921.10842	147861.5611	157651.14057	172123.97522	189365.70075	208097.76526	225211.74326	238270.79492	248531.18545	253153.62559	252533.24195	246127.09178	236858.3324	224502.91048	211216.64811	197309.45258	179039.95088	159871.78964	139464.94671	108812.95144	83644.09273	66006.48866	51437.41969	39760.90418	29570.60552	21634.80901	15519.39009	22293.45887	477822.36765	734247.09594	235279.93985	2483.47737	975.43204	574.97097
430	161051.00934	164377.31052	165523.28864	164179.39522	164492.42892	159602.8477	153345.086	148044.00059	145622.717	145810.76333	150555.87666	160088.89684	174681.19234	192905.36921	212778.89369	229885.18852	244440.37692	255741.52685	260818.84681	260606.4868	254606.58007	245060.75131	232445.23959	219037.59536	204684.37619	186109.01129	164427.35272	145738.88878	116382.54654	89566.63313	70762.15831	55669.40621	43191.47359	32787.09987	24326.07122	17519.7309	12800.98683	207876.01013	723697.3945	500050.17139	23535.0165	1297.61613	690.00076
432	160485.77049	167799.31596	169476.08685	169737.09723	165242.62927	163008.89279	157114.59591	150635.06806	146906.05313	148323.63502	151992.9886	162652.81884	177532.52609	196279.32311	216602.1226	235106.15515	251037.93255	262618.9874	268330.99433	268395.91096	263128.90567	252902.82318	240039.91269	226658.33085	212390.39936	193173.94218	169943.96486	149614.2814	124390.74755	95428.16404	75236.64689	59714.79957	46810.62073	35979.3638	27033.82733	19644.76706	14173.25553	54035.66836	592988.87258	673826.41739	141861.59627	1856.65991	893.63501
434	165536.64476	171728.26525	172273.306	171683.00543	168759.95603	164172.27458	159490.90414	152370.80488	148676.62145	150395.54003	154923.89304	163936.87855	179842.9792	198723.71404	219789.55778	239086.14981	255908.07981	268266.10274	275660.82258	275345.49533	269873.55065	260870.37408	247433.63754	233738.99182	218900.16917	199780.91449	175625.8664	152984.9243	131021.69292	101552.8639	80023.031	63760.09991	50583.55041	39250.89468	29860.64172	21956.6141	15868.06643	12959.63747	338267.7293	719167.98418	391395.77407	6618.0166	1126.02782
436	165348.5331	171653.81908	173850.97938	172805.63665	171604.301	167041.15194	162341.51278	154266.58759	151218.12844	151691.96423	156122.81866	165771.09723	182288.80979	200932.24112	222830.37912	243411.55745	260530.68054	273917.26842	281703.41531	283001.83165	277724.71591	267497.55318	253711.16653	240352.69647	225054.77518	205882.16649	180961.31905	156128.46138	136270.72157	108334.68342	84556.45572	67601.9566	54268.00191	42477.74544	32786.32962	24506.43689	17764.54915	13214.98868	121742.8209	659009.60351	619075.87014	58069.49067	1501.41839
438	165358.47094	172083.51902	175829.79126	175953.25417	172594.54904	169184.39819	164058.65247	156432.1263	152031.46374	152617.03175	157748.13764	167605.85399	183250.10512	203114.99024	225737.81084	246865.88226	265444.54548	279869.7754	287466.07633	288941.71111	284540.37786	274541.39669	260521.54545	246618.61882	231160.81971	211953.76987	186548.1588	159478.90425	139912.31992	114810.29575	89195.31331	71603.91575	57706.6222	45684.63201	35648.22562	26923.49882	19762.99459	14678.19758	25775.09069	475259.76588	713826.09816	214727.10981	2280.44858
440	168128.51806	175042.7832	176765.18283	176657.35439	176013.16073	170880.34011	164355.95525	158466.66457	154080.41008	153648.61781	159388.72934	168840.67267	185149.67159	205631.55068	227947.99654	250878.87925	269090.66822	285115.57163	293346.91061	295608.71196	289956.4363	280651.51084	267044.7533	252555.55913	237253.01504	217362.85142	191915.15233	163257.88118	142425.71348	120984.25446	94440.68789	75385.01084	61271.63003	48914.06089	38432.10854	29469.79554	21988.40941	16273.60514	12368.0958	222136.4501	708186.43032	455126.99555	16131.12967
442	168593.30561	177574.77559	180386.93305	180264.69821	178808.83846	172695.23822	166420.8509	159072.6822	153950.78003	155075.27495	160379.08568	170072.22195	187110.8979	207185.87759	230228.92903	254060.87064	273057.67425	289760.90304	298816.89793	300827.85809	296646.33543	285982.75939	272533.02554	258313.55713	242509.86352	222581.45491	196459.2865	167697.10654	144377.67911	125523.32087	99707.63416	79236.26908	64785.73095	52204.69612	41215.47532	32118.49117	24173.27053	18122.60613	13424.12453	62087.69903	599618.73941	627469.96388	101996.70452
444	171141.98073	178699.30644	179439.58624	180463.47769	180008.17643	174811.45328	168741.40422	161186.21706	155900.85249	155790.83544	160867.92263	171512.79432	188769.65386	208824.03021	232269.64327	256179.54158	278043.03087	293994.68446	303873.42379	305956.19569	301904.61103	291797.84292	278236.13056	263023.25126	247419.20352	227603.3119	201268.64407	172103.25701	146875.75878	128760.10809	105476.18927	83225.27254	68124.88691	55291.52208	44132.5384	34631.51972	26394.39715	20078.97708	14818.2222	13792.14876	363510.91587	682612.02618	312281.37291
446	169984.05581	181604.29569	184417.46151	182983.46955	181915.30779	174422.36333	168677.90139	162186.53901	157012.47106	157408.7516	162018.55423	171934.49347	188958.99236	209714.65344	234523.20215	258551.17227	280123.59049	297690.80341	307980.40115	311106.70407	306854.77413	296901.59099	283212.09046	267665.12298	252422.28178	231742.36489	205273.44423	176486.3281	149545.77684	130928.7091	110809.33745	87573.06943	71317.11692	58284.65553	47071.26654	37325.40483	28898.15469	22130.39623	16553.86019	12471.9773	131349.70034	635808.43015	539115.32985
448	169274.17104	182234.74639	183469.21148	183516.15542	181449.42974	176636.26068	169941.63119	162796.40014	156862.8745	158260.46783	162437.35311	172958.43852	189202.17745	211034.87711	235376.3867	260486.10863	282116.43737	300510.85305	312093.36396	314925.34316	312034.56051	301355.08565	288140.79611	272263.45901	256083.27029	235684.55036	209445.50016	179694.79778	152730.12374	132884.35404	115066.07116	92150.9237	74707.84447	61137.68501	50104.19651	39961.67456	31260.81627	24236.12743	18266.72768	13601.69622	27555.66234	471518.9663	640882.30078
450	170357.63986	181040.80246	183982.91277	183558.25504	182895.02187	177771.22876	170481.6962	163629.94687	157700.0558	157908.44695	162718.84616	173516.75463	190019.27114	211654.21419	236082.29218	262074.89494	284343.40333	302944.11755	314149.0906	318846.08056	314886.64836	305920.3717	291776.61851	275983.2492	259824.53589	240046.55613	212756.29262	183009.55856	155664.53118	133806.76555	118160.36601	96722.15366	77960.7323	64163.5769	52637.42203	42521.69108	33685.03894	26372.22511	19968.1939	14896.96342	11550.73276	225432.24154	639407.86815
452	171937.5258	181649.81412	185909.67144	184504.06795	182134.1364	178014.23571	171907.97757	163661.3133	159092.53571	158696.4554	162867.24084	173058.83721	189669.76561	211748.29095	236665.99342	262799.87575	285835.9269	305073.73148	316939.10785	321708.94076	318356.72117	308797.80271	294746.9923	279498.84831	263254.45257	242487.59931	215988.69763	186318.06354	158748.96441	135612.8033	119813.52513	101479.39752	81288.85431	66876.56488	55265.38438	45026.01498	35793.63459	28451.4157	21841.04334	16358.12071	12447.857	65661.6915	538078.45069
454	172709.37048	181687.311	184050.51034	186636.91555	184613.6981	178197.59111	171442.66009	163712.80858	158221.52135	158458.3295	162421.10928	172952.17279	189299.63851	211238.32227	236925.08788	262394.70741	286890.62235	306497.2281	318628.76022	323239.64788	320991.88909	311381.47652	297456.61391	281831.00482	265955.68307	245109.11269	218732.45729	188800.34023	161174.58152	138010.9243	120685.15249	105050.49094	85147.03979	69713.71302	57847.95479	47474.23643	38166.28436	30561.39587	23736.10116	18011.53579	13590.26882	12294.84215	307900.66782
456	172743.76931	182328.07279	184316.46392	184877.50465	183098.55175	178584.31197	171836.60977	163636.79816	157489.0101	157337.08104	162547.32853	172347.48781	188415.72403	210118.4778	236624.92906	262185.84883	286248.20542	306243.1653	319390.60737	324850.16705	321982.3399	313291.3982	299546.16101	284040.61078	267795.82425	247596.11294	220384.40843	190912.08395	163780.91635	139965.6534	121794.07426	107632.28686	89071.98905	72412.03126	60174.88108	49797.22108	40308.10745	32632.02089	25610.67879	19558.11563	14914.8949	11284.42563	105486.53566
458	172513.19345	182077.23608	184522.51804	183411.03474	184273.12491	178145.0276	170964.52126	163522.61005	157578.23758	156898.79689	161697.46251	171665.9312	187890.16949	209503.6948	234631.9808	261201.9649	285630.54358	306653.3027	319584.08521	325626.03691	323350.16657	314086.27329	300186.18708	285869.1398	269095.61624	248981.36226	222539.90118	193114.05057	165462.39537	142138.59302	122719.23595	109085.08845	92606.9967	74988.45625	62566.00737	51863.63613	42478.25243	34388.23343	27321.93929	21215.60307	16267.44515	12143.89307	21079.00501
460	169357.68262	178256.5422	183987.71245	184957.35221	181406.19601	178272.46553	170808.08102	162810.60574	156916.26614	157095.51014	160970.28881	169584.86504	186341.95658	208342.72819	233035.29171	260093.07909	285067.55095	305230.25194	318636.59969	324650.57012	323058.35456	314798.63801	301099.65052	286274.09062	270402.90124	249883.82234	223581.35725	194148.5982	167172.33292	144012.05761	123772.82367	109434.13933	95913.6465	77862.91211	64448.44924	53873.37536	44560.90756	36359.04882	29184.82495	22795.00432	17697.85145	13299.68753	10277.9376
462	167649.23291	178213.34872	183701.48995	185264.68179	183024.03609	176885.13766	171842.07384	162595.86655	157028.24724	155873.24627	160058.25137	168912.1236	185102.80377	205972.33205	230839.33598	257402.84155	282498.4169	302978.47282	317030.47925	323744.31732	322082.83379	314213.41195	301614.52624	286291.89914	270709.72676	250631.21844	224287.28969	195219.10981	167855.90283	145209.31581	125145.10231	109617.45343	98036.24733	80898.44219	66707.21024	55897.2385	46353.74311	38161.93325	30851.44511	24373.25274	18983.71767	14469.44073	10926.11854
464	167180.91823	175578.02528	182961.67109	182605.94935	180601.11567	176993.29052	170431.07985	161357.59455	155371.39117	155130.1822	158042.80937	167654.02459	182786.54595	203867.22884	228562.54884	255330.99066	279611.76777	300413.96287	314996.25709	321437.43626	320850.95344	313385.59467	300606.75194	286078.43465	270761.84964	250575.70339	224510.99748	196322.88223	169041.50035	146622.61216	126492.7051	110200.78346	99079.2859	84141.64379	68906.68955	57614.72136	48076.43398	40060.03076	32465.23828	25966.70819	20507.08647	15746.47499	11910.32212
466	165945.54796	174625.92873	179383.85608	179806.69821	180298.84542	175146.02397	168936.96915	160383.08313	153740.02895	154015.50057	156168.0371	165492.02656	180384.48886	201164.47668	225924.15957	252061.46783	276578.12556	297551.00821	312081.32335	318841.28002	319149.66538	310981.3971	299335.73142	285168.96259	269993.32806	250748.95947	224736.2575	196260.43815	169964.95209	147188.84779	127604.11365	110541.81476	99358.04488	86741.83829	71043.89668	59224.30108	49799.31571	41838.31854	34052.65968	27464.98762	21897.20073	17017.59064	12966.05975
468	164519.02285	170895.95807	179809.52434	179018.62184	178803.89882	174107.09709	167523.10834	157943.03899	151296.90812	151470.82635	154851.18302	163157.46953	177509.80777	197798.62015	222253.59128	248510.16045	272856.27624	293285.37373	307783.71095	315510.7357	315291.01351	308680.65155	297446.03667	283538.44128	268907.89716	250211.31522	224416.46205	196391.55352	170403.05256	147982.28087	128421.25009	111207.04811	99183.59962	88447.68453	73501.49271	61098.45039	51375.19025	43118.71615	35519.30457	28934.70726	23308.57061	18271.70492	14058.84887
470	167047.32743	170475.36216	175031.17534	178344.43738	174952.45053	171904.06845	165487.29543	156963.38159	150623.04745	150751.66688	153200.45652	161229.61353	175427.40667	194295.25757	218818.40416	243246.66359	267897.08987	288332.88224	302827.30934	310789.03872	311414.46322	304964.56474	293734.35813	280856.15787	266093.83824	247900.95968	222985.88471	195795.08652	169738.31322	148119.96207	128880.65049	111953.76264	99122.8616	89292.61665	75809.30662	62765.10606	52733.01063	44512.62607	36982.6505	30264.06717	24531.05196	19483.12181	15090.16883
472	170848.70578	169380.60187	172880.26944	174373.70089	173212.29639	169140.7378	163090.86248	154782.27521	147826.65659	146929.71892	149575.65277	157334.53254	170978.70593	190408.59836	213565.8331	237798.23456	261730.62154	281669.32998	296894.36717	304738.93189	305721.49585	299914.06969	289329.1716	277171.1287	263172.60057	246008.08264	221226.31342	194594.70423	169240.16237	147703.35498	129360.39095	112178.78461	98740.15865	89383.07966	77644.57317	64078.01817	53877.09163	45752.00263	38134.90648	31446.22936	25740.5431	20508.34958	16208.25246
474	178399.86585	164456.53442	168150.60346	172100.88297	170987.97989	167541.9591	160295.90924	150963.24648	145894.9941	144106.47817	146652.36785	154362.34254	166969.46859	185031.60011	207607.1601	231370.59214	254450.63232	274877.81188	289193.36142	297228.27413	298963.05492	293491.15633	284098.88246	272094.94536	259296.90124	242451.14047	218581.93131	191908.06538	167408.5239	146919.44561	128457.75319	112048.76998	98375.28974	88439.71062	78890.20785	65595.98128	54803.74492	46805.94398	39356.44838	32644.3052	26720.78275	21598.41051	17197.46346
476	186002.48578	161183.95868	165216.58082	166246.92693	167601.15771	164372.35009	156532.09206	148899.95833	142728.02582	141778.86739	143019.45382	150280.90251	162520.55917	180177.59349	201506.47637	225315.88305	247332.32568	267314.37587	281228.35538	289170.69113	291273.52399	286596.83569	277724.39413	266906.06632	254894.49279	238039.7047	215711.60323	189837.46042	166077.50251	145545.14039	127762.88039	111764.39769	98400.55956	87378.30415	79230.83455	67080.43535	55973.00542	47503.36718	40199.38514	33691.97502	27880.9686	22636.86466	18155.02509
478	193217.79142	159141.99377	161269.34902	164061.8167	162686.6057	161482.68911	154337.34148	145475.44623	139204.52113	138207.38493	140086.599	146114.48736	158171.52569	175126.3277	195778.11065	218156.7968	240029.75116	259386.90808	273875.73149	282098.41626	284271.62849	280175.47608	271822.34339	261640.665	249989.64438	234225.51454	212107.25386	187283.23712	164007.39617	144127.60393	127175.74226	111226.68484	97966.33644	86688.87704	78940.8262	68563.11133	56944.02531	48353.50463	41212.26728	34501.69902	28740.32462	23669.05607	19153.54564
480	195462.87538	164145.8591	158854.69558	160004.07361	161405.77277	156704.15882	150859.33179	143962.26306	137221.1627	135397.76139	137137.24049	142640.02703	153824.3255	170314.87328	190052.69263	212097.45065	232873.47111	251509.60977	265512.60154	273918.46919	276755.70339	273558.51335	265897.28095	256159.57663	245252.44937	230397.02543	209376.64999	184817.52805	162636.73591	142971.0821	125798.1078	110710.69365	97853.29039	86181.90708	78013.27594	69683.19353	58203.05964	49181.03897	42011.7376	35506.70844	29726.10382	24692.92058	20021.76122
482	190840.56475	170508.51166	155060.26662	157327.64326	158640.6496	155090.66402	147765.50919	140451.56471	134404.33531	132100.87753	133200.55891	138947.16966	150099.63184	165500.37545	184559.05905	205653.65658	225941.90234	244122.30363	258175.93668	265926.25338	268910.19168	266010.79204	259396.72905	250706.57303	240579.43819	226384.38872	205682.88187	182483.85773	160434.96425	141851.64668	125360.86175	110239.78346	97547.25925	86036.91834	77345.12028	70217.07745	59542.33245	49962.24408	42754.61557	36419.41547	30668.51332	25622.65463	20938.94881
484	176203.39706	179296.85866	150486.17663	154182.80449	153844.41357	151468.41774	145923.46727	137651.60549	131602.92667	129389.61058	130498.02947	135985.1006	145889.64944	160259.90457	178514.72299	199005.26101	218838.02365	236387.6755	250141.48051	258612.51427	261720.9466	259517.03071	253252.12395	245182.87494	235431.80929	222304.21342	203111.80433	179836.84472	158641.40808	140029.05857	123894.87489	109434.3898	97140.26712	85824.0616	76694.91412	70154.72867	60579.13603	50791.35422	43353.14067	36932.66949	31588.97765	26448.50441	21796.21303
486	158429.54167	189824.43775	149243.13956	149423.99896	151172.38302	147908.59109	143007.16964	134936.16675	128864.95382	126931.48001	127125.99351	132371.95081	142251.52716	155878.41461	173296.77135	193117.31902	212417.41427	228931.50367	242682.44958	250918.80834	254312.21545	252080.11843	246944.99506	239734.04649	231222.80275	217965.1535	199057.26639	176994.97085	156571.71562	138427.27053	122900.2215	108875.16078	96651.62412	85602.29147	75913.66664	69564.80387	61538.62438	51817.45574	44115.8283	37832.18742	32263.141	27272.17431	22667.63211
488	143937.16551	200585.55184	148200.11854	148611.60767	148885.44429	146925.68641	140206.35169	133063.2388	126445.80552	123889.98469	124718.11831	128705.42909	138384.00498	150790.96471	168183.35649	186418.60541	205251.12494	222088.11244	234582.9125	243027.37875	246535.13364	245278.66684	240053.65201	234121.73397	226266.98334	213914.17542	195971.56437	174647.61968	154041.63085	137012.13121	121640.80999	108010.17801	96127.213	85454.41503	75737.47862	68966.40706	62349.48872	52974.93793	44633.11162	38493.06854	33046.78453	28033.06041	23578.7727
490	131378.04423	200246.77629	151694.93168	144034.00409	145104.18491	143823.84939	138125.51296	129023.66652	123618.18105	121419.74466	121522.51265	125671.89381	134580.71972	146664.0753	162988.47232	180605.89749	198541.5817	214727.86196	226951.00312	235423.7556	238822.43678	238271.92502	233931.24431	227829.92114	221149.62262	209906.28645	192381.77425	171766.38161	152157.31786	135488.67549	120516.9456	107142.18612	95583.02135	85022.61077	75644.68024	68061.15759	62603.7088	53822.37696	45538.5844	39025.86168	33608.8227	28715.01048	24334.53728
492	124469.09047	195283.92075	161593.91757	141048.54607	142361.18545	139959.15558	134159.62666	127235.09954	120612.0618	118515.78289	118289.25182	122130.34764	130218.3714	142314.598	158026.90373	175443.0476	191999.87716	207869.10557	219432.14875	228114.55609	231995.3713	231650.26832	227998.03362	222720.73292	215852.66641	205548.86864	188669.98905	168825.6714	149909.53337	133500.88526	118972.74505	105732.91877	94719.75792	84594.65843	75257.84372	67392.34481	62332.58376	54765.57137	46018.41295	39528.00292	34190.52043	29318.02529	24868.6816
494	117357.8039	182906.19739	173343.80115	137544.72246	140296.36414	135749.29456	131915.33417	124250.96315	118178.98376	116223.94973	115670.65918	119117.99264	126756.03264	138215.47963	152427.19472	169590.66852	185322.94034	200630.10558	212429.24558	220417.08994	224755.10076	224943.9228	221231.93285	216874.64446	211364.80466	200947.20096	185230.94699	165977.84435	147156.51744	131355.80986	117590.4873	104889.09627	93929.71129	84161.50762	74774.06446	66963.87241	61524.26433	55350.80022	46759.63442	39965.06575	34702.94872	29836.93188	25479.76671
496	112435.98957	164678.01938	187476.66718	134237.21142	135320.51417	134311.72678	129532.58315	122061.40317	115569.81531	113574.31719	113026.47224	115678.86826	122855.26426	133965.63306	148005.72024	163530.67689	179218.95242	193313.68215	205395.22712	213187.22425	217776.96408	217678.81467	215366.65695	211105.0413	205588.70943	196748.95863	181006.26362	162391.42575	144980.47894	129344.04971	115993.37159	103612.23419	92915.03399	83131.34017	74491.28277	66508.47514	60723.75876	55449.33573	47435.92473	40413.72907	35137.17911	30461.39345	26103.79012
498	107857.82559	143786.05902	197688.89202	133861.7207	131430.06793	130812.63594	125164.67518	119729.8339	112477.2124	110606.10672	109848.65529	113154.74574	119217.40509	129617.6601	142613.81651	158131.14546	172901.24191	186837.43959	197719.55539	205736.13234	209914.0841	210852.95577	208958.50986	205305.50932	200298.57432	192206.03367	177137.45167	159739.09013	142094.9658	127359.58434	114322.64566	102323.74902	92129.50911	82615.58533	74043.56534	66001.83079	59909.06769	55581.90735	48184.50685	40826.4636	35458.65425	30850.13832	26584.83267
500	107037.72018	128270.52848	198953.81076	138274.18651	128169.88913	127879.79867	123578.84558	116129.99622	110477.88238	107901.94052	107552.24866	109711.8648	115504.36546	125335.95604	137886.36296	152033.45253	167027.59169	179873.89163	190661.63452	198518.2641	202875.6155	203964.60639	202075.51853	199486.85407	195042.20467	187030.17298	173402.26155	156064.67572	139736.74434	125206.88484	112855.4109	100881.65837	90769.17798	81516.7142	73200.17515	65760.89097	59237.74038	54759.81591	48879.48197	41336.89528	35784.82773	31264.0889	27123.84672
502	103768.20674	116096.9259	191741.15383	148091.05556	125714.54174	124049.14465	119549.3281	114629.11572	107912.7234	104965.81108	104972.24903	106590.06493	111613.26385	121326.93854	132627.66611	146179.96393	160018.80459	173347.33307	183447.53717	191537.66135	195353.13896	197084.55469	196008.4725	192850.15494	189875.00463	182125.72108	169013.4794	152580.20484	136685.25832	122842.56763	110711.3719	99213.48213	89569.394	80450.28194	72637.43152	65186.20006	58553.64553	53916.18795	49110.50581	41915.05432	36168.81226	31508.7027	27471.36695
504	100843.45876	110059.47178	177780.95091	162720.49928	121809.46716	121571.81323	116227.58185	110477.48797	104273.65338	101860.64531	101195.53046	103186.693	108652.51173	116773.69721	128349.92803	141423.62852	154177.87319	166340.73107	176795.38672	184177.60783	188286.26286	190181.11082	189427.27183	187093.3458	184244.70599	177513.88338	164710.85123	149302.24981	133612.02126	120425.94918	108555.03079	97643.94074	88272.61879	79640.3918	71722.40969	64505.29505	57852.82918	52949.31683	48910.35313	42454.18938	36461.94792	31723.93674	27803.47889
506	97165.60944	106405.44033	161330.5306	178930.14923	119204.37424	118282.30703	113780.15197	107835.35852	102452.21945	99140.20755	98658.66351	100243.71972	104634.56645	112740.52165	123552.85625	136060.69286	148433.45248	159923.48538	169913.74033	176727.1912	181344.29212	183307.84219	182786.52758	181186.80229	178704.5169	172506.49272	160403.49689	145170.23432	130702.13284	117634.46488	106476.37449	95858.20483	86879.6388	78357.60805	70879.39186	63707.02453	57364.12465	52152.52479	48349.03799	43003.26824	36696.15339	32050.40239	27981.72519
508	94011.19657	103480.16483	138475.63816	192947.6167	120787.58017	114880.78182	110420.6761	105214.43535	98699.7221	96550.55303	95565.16445	96852.62178	101419.73024	108772.35596	118744.07208	130379.53113	142625.334	153577.01734	162992.66558	170021.88535	174302.90115	176293.13786	176698.66799	174576.56674	172997.99519	167062.41509	156013.76269	141593.97725	127534.03505	115071.18964	104297.01639	93957.19139	85249.84491	76915.4832	69811.8523	63029.08823	56819.46204	51383.1398	47469.58657	43064.38459	37189.5638	32171.01524	28264.14207
510	90277.36719	99197.94392	121737.05122	200121.63864	126713.71655	111286.55054	107870.91077	102157.7779	96442.94071	94295.28678	93133.55719	93784.12548	98078.24339	105592.24259	114432.87355	125865.32344	136956.08809	147252.22228	156187.72309	163111.81627	167523.23803	170143.18962	169920.59186	169217.55875	167395.34816	162339.89832	151680.38427	137899.31794	124173.14046	112393.06669	102224.70677	92131.65193	83774.65702	75766.81731	68551.60798	62093.63735	56334.61889	50859.74079	46547.76671	42957.31947	37452.09536	32423.97959	28477.37053
512	87444.00814	95472.33193	106324.19345	192848.01771	140593.31072	107970.40586	104724.10922	99136.10453	93868.57376	91366.45282	89673.56048	91150.00715	94573.57634	101030.21084	110110.25943	120312.36716	131334.50071	141552.8457	150023.48865	156570.32462	161178.20763	163183.49564	163806.98408	163515.30303	161843.68326	157371.51721	147426.71185	134381.80002	121121.65374	109499.2259	99412.98338	90142.70715	82024.98032	74342.95185	67410.0163	61157.98536	55382.60499	50169.28605	45712.81299	42517.22315	37677.97102	32594.92673	28544.81022
514	87482.71409	93389.51387	98735.7442	176116.57713	157569.22402	104664.05016	101619.27198	97159.90406	91610.56803	88435.68227	87377.06266	88078.34339	90831.70869	97687.15216	105750.36755	115644.66429	125879.70252	135089.64518	143896.43478	150085.7256	154512.7211	156708.80654	157682.6151	157770.28168	156570.55482	152530.40206	142555.93637	130467.63653	117832.83268	106976.44578	97174.63425	88152.57224	80084.47581	72968.41109	66223.60391	59987.68409	54570.68259	49357.68556	44950.50119	41825.54321	38049.99672	32653.51842	28584.49349
516	82880.71931	88198.01192	95275.72563	153349.28798	176983.98218	103436.56587	98528.45486	93184.16008	88597.67373	85796.32658	84276.76005	84803.59043	88335.21018	93582.8896	102028.60236	110473.53863	120209.50796	129443.00795	137742.8332	143557.93156	148469.98911	150583.36474	151608.87404	151637.88936	151194.88746	146943.74099	138476.30526	126297.31935	114612.9097	104009.48787	94739.41497	86011.62806	78514.35647	71435.98018	64996.8175	59021.4231	53721.55254	48674.4778	44226.28024	40926.2123	37706.61336	32879.71238	28629.9394
518	80711.17645	85892.2248	91401.7365	128826.78281	196064.88491	105953.31082	94790.10345	90924.02484	85304.07592	82936.46577	81865.98741	81967.80995	84773.70228	90334.90804	97814.37813	106269.16608	115348.65977	123831.53432	131318.48233	137577.10457	141987.67016	144388.70258	145842.89166	146183.9054	145819.08766	142256.43931	133764.92467	122451.86321	111206.56625	101176.38947	92082.16197	83761.30343	76579.84078	69723.41801	63662.01614	57942.99296	52745.82113	48021.16125	43448.11952	39880.04286	37265.65868	33091.67792	28528.04259
520	77802.29474	82862.45903	90269.43482	107468.57349	202854.05622	115857.56854	92463.78353	87943.6007	82656.22548	80461.65544	78602.19494	79629.32009	81963.66589	86818.59294	93817.26413	101983.76733	110497.07161	118510.99696	126039.62316	131742.36972	135926.1868	138397.25816	139832.49809	140701.05712	140688.50648	137250.11955	129779.71978	118974.04381	108013.34665	98393.77498	89708.27866	81668.72043	74793.30119	68314.67519	62352.08383	56708.48131	51790.76823	47107.73631	42846.12269	38985.4475	36530.39073	33136.74291	28643.18951
522	75997.0715	80902.55017	85635.15376	93031.66251	193943.00144	133129.875	88951.89331	84413.36376	80349.78181	77890.38883	76241.18855	76118.27946	78794.14053	83620.51833	90128.4962	97829.77811	105371.28356	113194.42042	120682.80133	126296.7056	130201.73579	132907.36583	134415.49937	135183.77791	135410.19797	132954.56876	125179.72793	115004.3177	104527.32065	95341.5691	87132.75429	79340.30084	72762.60077	66421.52191	60724.20441	55576.78554	50786.47773	46057.56767	41999.24399	38266.74134	35783.73132	32886.20804	28720.03979
524	72609.44871	77806.28519	82729.48191	86103.84675	172104.83603	157416.98116	85642.59748	82099.33391	77506.91223	75146.15964	73608.83077	73698.49695	75861.68336	80084.25951	86696.79419	93781.91376	101340.81382	108598.78088	115367.20855	120396.50882	124592.41842	127220.56851	128942.31388	129870.99151	130540.97327	127880.22143	121018.91757	111287.33682	101467.56007	92643.09732	84775.50677	77354.09601	70973.93591	64842.43684	59346.14735	54181.15014	49613.79173	45232.45717	41291.63762	37407.97971	34916.88845	32575.23858	28733.31902
526	70887.07607	76202.24988	79030.29562	81716.42521	146060.99144	183091.61531	86176.91053	79428.62702	74823.79575	73113.53856	71165.58404	70824.33416	73072.9271	77676.44691	83004.31693	89808.17729	96414.7551	103761.70027	110062.18825	115360.90658	119149.58953	122177.07347	123798.32318	124743.98848	125576.89976	123385.27479	116974.41833	107475.16237	97989.62767	89613.49267	82227.83664	75052.22333	68742.21484	63107.23697	57790.13531	53039.08481	48569.26168	44500.52132	40460.30308	36712.96452	33879.15943	32006.77703	28739.15386
528	67387.12878	73930.37438	75430.83764	79448.78768	118779.51911	205194.71701	89439.39759	76627.05177	72935.81477	70798.52378	68714.22809	68807.2977	70069.15222	74043.37078	79657.62104	86041.42649	92699.68874	99035.53385	105500.617	110448.13312	113876.73312	116774.55289	118511.72489	119972.05622	120682.06935	118969.19273	112571.00751	103918.85148	94744.20482	86689.27031	79719.45787	72984.66022	66904.90422	61563.85406	56419.10105	51568.70413	47352.34814	43423.00661	39581.08379	36050.56558	33001.9383	31230.45589	28585.12373
530	63948.76374	71613.72239	73438.12758	76197.2107	94268.74512	209212.54564	103175.38288	74160.73986	69845.07344	67866.10477	65827.02958	65734.53837	67981.82536	71161.85221	76074.08917	81984.37014	88662.63013	94780.74375	100546.4233	105445.99836	109350.48249	111929.0031	113550.98644	114731.33952	115894.93308	114127.34429	108402.56546	100112.1273	91371.55613	84053.79623	77109.40034	70732.1922	64889.87737	59648.55927	54758.30622	50142.86799	46169.49185	42256.03853	38785.14136	35329.07019	32268.13518	30191.86057	28286.29334
532	60439.78307	68208.11649	69510.83822	73722.88506	80683.02327	193698.50605	124816.93202	71265.09283	67438.78099	65213.84044	63378.71673	63305.56284	65194.76342	68149.64371	73097.18209	78547.30352	84959.58122	90910.81177	96223.65861	100625.49898	104381.56098	106782.98275	108750.12318	110477.31346	111035.80144	110090.95152	104834.37927	96888.54944	88424.0766	81159.52959	74544.93417	68684.07261	63050.68051	57867.23476	53251.90763	49062.70882	44954.24813	41278.34986	37821.75641	34493.55073	31539.78549	29267.76769	27688.89699
534	57961.52598	65386.45758	68218.41969	70415.649	73309.08054	167513.19421	152326.7878	69300.7913	65037.0194	62661.69632	61591.04591	61125.15485	62883.88163	65831.04694	70175.38697	75400.86198	81102.69761	86726.48481	92187.05807	96076.58766	99484.53452	102191.83347	103872.72151	105801.82056	106689.38896	105914.85333	100805.93598	93374.24806	85511.21773	78513.95033	72195.389	66097.10552	61070.45555	56263.00631	51618.43583	47596.87148	43803.2954	40070.07108	36807.2753	33652.29396	30871.2488	28491.36156	26941.50739
536	55868.08467	63265.80716	66649.94212	67621.40246	69854.71431	137008.81524	179753.12012	69486.94949	63029.56989	60534.33141	59352.4776	58637.04232	60246.06593	62991.84055	66962.78562	71862.57315	77270.52272	82911.38041	87621.89562	91694.42781	95153.74433	97511.66311	99878.69397	101180.05156	102385.55131	101941.12936	96831.46144	89589.78145	82354.64378	75735.05437	69730.34498	64021.8452	59221.98741	54415.01567	50101.90118	46206.10891	42724.92131	39067.07657	35968.53411	32735.97773	30170.15144	27663.37904	26079.85371
538	53799.13723	62230.96213	63489.53486	64753.51954	67755.24414	106106.82864	202290.80989	75887.41343	60587.12578	58580.87789	56781.22792	56764.96231	57447.71618	60255.95733	64247.86671	68860.25162	73946.46351	79430.79273	83518.32732	87920.83724	90986.86295	93274.74245	95479.26768	96944.95379	98204.29655	97501.01666	92974.05351	86502.24025	79366.46506	72939.29586	67278.29939	61959.20065	57169.3489	52706.12212	48596.9604	44734.2138	41415.49207	37908.47994	34912.73015	31967.93626	29366.19256	26881.91767	25162.40436
540	51215.3946	57766.05889	62873.46699	62192.61352	65247.90393	81639.38383	207290.69169	92385.19934	58186.94171	56274.5146	54675.50946	54165.59828	55448.69838	57977.67455	61252.28198	65933.83506	70491.49578	75319.73728	79675.75939	83599.61131	86739.53269	89244.63587	91267.86826	93081.65491	94339.79391	93794.72305	89756.78353	83239.24655	76426.73436	70390.7655	65079.91523	59808.2282	55244.73241	50977.86937	46878.54545	43383.61939	40172.65766	36918.94256	33965.59877	31253.87091	28615.52342	26383.87665	24386.34966
542	49447.48235	55261.16881	60878.51073	60337.76888	62507.78972	67691.65806	194417.67476	116222.68547	56439.19057	54186.23342	52822.64269	52602.02938	53491.5085	55800.97416	59056.27839	62956.85267	67698.19412	72108.98607	76496.50137	79996.59414	82960.87846	85354.98759	87558.26157	89156.73744	90777.57208	90132.81662	86079.53439	80045.77983	73750.14174	68142.28059	62758.66864	57855.44502	53664.95746	49267.20382	45541.90599	42069.38254	38886.47901	35783.43463	32939.71454	30283.15051	27922.84786	25710.16436	23586.48994
544	48399.56112	52162.54254	59107.24323	58069.58984	59522.32683	61344.79077	166665.30863	145485.60827	54473.4908	52458.25128	51069.21876	50405.43062	51262.54054	53341.14397	56390.49868	60717.30434	64894.78768	69092.28184	72826.82363	76538.87096	79375.59204	81780.82074	83624.04852	85557.04717	86769.88194	86615.07165	82923.24663	77007.09269	71077.59232	65442.05198	60597.41173	55632.40513	51574.89574	47697.43771	44087.89961	40584.98856	37678.22158	34843.89907	32067.41924	29518.37247	27202.34301	25047.16662	23051.06456
546	45223.09478	50621.85231	56552.33183	56644.7462	56597.86774	58333.41023	135111.54587	174350.86858	55567.47125	50338.07255	49247.60831	48454.23864	49131.31198	51204.79375	54134.6634	57783.01208	61950.06968	65873.49064	69694.44395	73131.32617	76045.1943	78163.02444	80136.3157	81696.39121	83627.55525	83066.84839	79574.05264	73886.12127	68406.8749	63137.13834	58305.55402	53787.65959	49839.62363	46057.8931	42790.71501	39320.51856	36378.65089	33758.54519	31191.70201	28577.48343	26228.89363	24308.77078	22342.79218
548	43597.8348	48156.24603	53920.96355	53867.47911	55501.80424	55681.1206	102800.51619	195406.70715	63565.57747	48399.59042	47010.26398	46503.73606	47395.89216	49123.08549	51623.64609	55125.90903	59074.19588	62949.46296	66608.29095	69694.48483	72287.67435	74902.71238	76785.15629	78447.68882	79931.83063	79922.26194	76625.5488	71197.75907	65781.25864	60917.9017	56297.50123	52034.1998	48087.27762	44414.86968	41223.52585	38326.18857	35359.35466	32673.00237	30261.37809	27789.31876	25727.95393	23629.85371	21901.16031
550	42856.00899	46215.12714	51858.94395	52420.87559	52594.53868	53934.31286	74153.09419	201526.81822	80086.05003	46787.55821	45239.0602	45187.38925	45610.14681	46815.26547	49574.06211	53154.08977	56678.60252	60320.00216	63547.88126	66517.07268	69438.03489	71678.96829	73535.29008	75265.51106	76704.34419	76202.37197	73540.86155	68522.52949	63322.6701	58464.59862	54216.91564	50124.45248	46287.53498	43038.66445	39760.2208	36842.30146	34300.83808	31765.16537	29185.82695	26936.41202	24916.72243	22996.84217	21160.85251
